0
0
0
0
0
15.7126684528194
53.9090885660937
73.5112330326743
108.576573281947
79.1966720326085
15.6698968289029
53.834295821613
73.408272198545
108.479545148025
79.0737594934518
15.6271872125364
53.7595910539539
73.3057115150447
108.383039202196
78.9506362213555
15.5845458375771
53.6850356371157
73.2027498545323
108.286161996639
78.8273289946474
15.5420315565302
53.6101519154636
73.0994574308924
108.189984299633
78.7046439575281
15.4995366794061
53.5356062375941
72.997688181067
108.0921074804
78.5829168138688
15.4569640663722
53.4611182029357
72.8946274422873
107.993376776606
78.4592193126107
15.4146325319316
53.386458260865
72.7916449241551
107.898967728261
78.3378249400614
15.3721996399453
53.3123987882045
72.6898304185286
107.80152541482
78.2137084839835
15.3300994879195
53.2380228360282
72.5869957064021
107.709048042954
78.0916417897311
15.2877574740033
53.1640510358069
72.4861579785902
107.611043215946
77.970811870856
15.2455043677106
53.089466832972
72.3831843373951
107.513562621239
77.8468927859377
15.2033849623928
53.0155337356672
72.2810614510576
107.416932947773
77.7252477297559
15.1613140842965
52.9407209542897
72.1760874999422
107.32392311453
77.604752741433
15.1194267899028
52.8673297070766
72.0743640915182
107.225103859135
77.4805096650744
15.0774137473637
52.7925150089267
71.9737000416104
107.127596556137
77.3614560328469
15.0356200155886
52.718213609478
71.8721923740399
107.029506653753
77.2382307792852
14.9937350936832
52.643975907634
71.7706161995739
106.936264993233
77.1177784566668
14.9520295535754
52.5719594636348
71.669495590467
106.839793542866
76.9959432376929
14.9101461157326
52.4972998589443
71.5676368691702
106.740387867673
76.8750700090374
14.8684780330238
52.4237368945741
71.4679611032682
106.643641618101
76.7530270078919
14.8267918889369
52.3498734639755
71.3650506422098
106.556603967481
76.6345103942568
14.7855890573451
52.2764919151713
71.2641398159739
106.456047210041
76.5100572649027
14.7439358133167
52.2044139079992
71.1593424389054
106.365029719897
76.3902204345369
14.7024132245048
52.1282282650214
71.0600974586082
106.269361301502
76.2677163174447
14.6610594812128
52.0554134308674
70.9622468445309
106.170943232955
76.1503561242583
14.6199093499124
51.9823565208197
70.8562279684222
106.07624802215
76.0247637626402
14.5788232331166
51.9105308262865
70.755716207025
105.973154236695
75.9052630007777
14.5376453641384
51.8356897305781
70.6562640085991
105.870871446238
75.7873413418327
14.4960541026659
51.761388276542
70.5582670468341
105.784101773457
75.6622841040083
14.4553952989413
51.688990931997
70.4529902199267
105.687693788046
75.5485414278915
14.4143510440454
51.6167548262814
70.3516831608362
105.590616266869
75.4248687703
14.3732404635714
51.5420895984128
70.2458327734111
105.502224654609
75.2994057538152
14.3324141454592
51.4688729679069
70.1533098246146
105.410550440453
75.1861886981002
14.2913777689201
51.3957749105468
70.0480961661526
105.308012424497
75.0670156776232
14.2503123815772
51.3234912060528
69.9521012537133
105.215878670026
74.941523866852
14.2097180038021
51.2512353847261
69.8485640579811
105.09911613657
74.8285640576974
14.1694816862875
51.1778192654097
69.7530176825957
105.006558491974
74.708507570983
14.1296006607574
51.1036037455477
69.6496118045774
104.918928016794
74.5919509946525
14.088212732395
51.0326344577324
69.5479514918822
104.825583325609
74.4596723933149
14.0475048469298
50.9579112373638
69.4504458221424
104.722919941266
74.3445167756149
14.0074736657573
50.8858104782584
69.345387995955
104.635868381034
74.2201679954604
13.9668424862928
50.8140119086694
69.250259526065
104.547159146373
74.1021517647335
13.9266760024129
50.7396389707278
69.1496578734555
104.45222597591
73.9991860739945
13.8866974325964
50.6691555149893
69.0503027249509
104.362591846553
73.8689736313658
13.8458810119777
50.5956699381893
68.9526854636454
104.251094219939
73.7583615845598
13.8056533291918
50.5243434600114
68.8508998164406
104.165414558379
73.6270715569742
13.7658591132564
50.4529248441796
68.7506268543462
104.072356932705
73.5166856016449
13.7260648740521
50.3784282691595
68.6529174676941
103.976232892938
73.3912086253843
13.6859979603961
50.3045591089938
68.5456853630085
103.880935795104
73.2839515709946
13.6459411803243
50.233064760512
68.445606622715
103.79713459633
73.1600665438945
13.6065563793405
50.1619464338394
68.3482785158933
103.690620988329
73.0448297036233
13.5660277214235
50.0888175630462
68.253715073016
103.616606897774
72.9229622868627
13.5261559426378
50.0199878511793
68.1515573355356
103.514192549107
72.8072843558742
13.4864905085955
49.9475391390117
68.0536981106684
103.415963088347
72.6813805205206
13.4476505274126
49.8698822017062
67.9532464787358
103.299126253376
72.5715618471025
13.4087487251832
49.803207234775
67.8569836940179
103.236829514483
72.4499455227628
13.3679481262575
49.7314761527404
67.7596733718211
103.130834325907
72.3366178741732
13.329324368871
49.6573007796879
67.6541256150441
103.026883027444
72.2188502015943
13.2895138994716
49.5883418703068
67.5526977150165
102.939118130802
72.0998381344674
13.2498949132333
49.5162682828446
67.4625272594699
102.85632211729
71.9808488530837
13.2108012401363
49.441423346219
67.3570462955714
102.751126796853
71.8693636915787
13.1722203990424
49.3740905442825
67.2607157177026
102.654972540057
71.7378319789847
13.1339429896147
49.3004973890324
67.1541986680669
102.564590602335
71.6220452686996
13.0941094470797
49.2306496553519
67.0601394658284
102.445490408541
71.5142737234581
13.0549249295664
49.1536290405773
66.9750198392661
102.37936449276
71.3957250388675
13.0149121804779
49.0887553834604
66.8725077375332
102.292932873708
71.2818234842896
12.9764444118903
49.0153115653589
66.7654201330576
102.177428525035
71.1637090863873
12.9376449952683
48.941896135196
66.674364883353
102.079669788944
71.0472132127384
12.8989074060325
48.8707758026494
66.577504396321
101.989098807983
70.9222362790302
12.859578725445
48.7987954880709
66.4753744824167
101.909791402716
70.8152004106281
12.821570183249
48.7305349013658
66.3863602620067
101.802680389019
70.6798587957155
12.783537839368
48.6590460369508
66.2682653450692
101.717948936522
70.5615357060762
12.7442180611971
48.5858154930593
66.1834894793526
101.607709411511
70.4502784731986
12.7057523148381
48.5171700014954
66.0844815324321
101.522496362021
70.3551720921153
12.6681016048005
48.4481593983663
65.9968187860618
101.450641807865
70.2223879253592
12.6288418534045
48.3750500356257
65.8922279210771
101.346489405299
70.116717962679
12.5908013485877
48.3021778277581
65.7921301669407
101.258282003779
70.0089884776327
12.5522827451352
48.2346186968255
65.6950086491581
101.165639528282
69.8798842939732
12.5146931998445
48.1655185038576
65.6017854700752
101.046066857851
69.7721616961278
12.475387205492
48.0922802343301
65.5051955475344
100.965903377986
69.6499801706157
12.4372123934974
48.020815015644
65.4052760977
100.855272013892
69.5356809480212
12.4001110225058
47.9527747122471
65.3059697310223
100.754237066685
69.4324766981085
12.3619749829158
47.879527249023
65.2233107200315
100.654197072957
69.3092436250949
12.3249420674046
47.8108426193988
65.1200757999449
100.597611499265
69.1967583455043
12.2858704934938
47.7382803981958
65.0226517013697
100.498154632789
69.0736527632068
12.2490415097376
47.6689527275948
64.9072138201416
100.417889273354
68.952368073074
12.2111650880643
47.5989318142776
64.8218042440544
100.321555893642
68.8448961539165
12.1734175587968
47.5245207612277
64.732167631884
100.240987470906
68.7296369976345
12.1355116571793
47.4657505337001
64.6310414068732
100.134376170252
68.5990182411669
12.0981860448308
47.3910371047425
64.5303234699426
100.004213138282
68.4997470542685
12.0601826382633
47.3186489775448
64.4366439296345
99.9498446986279
68.3821078985398
12.0232017744215
47.2477785777427
64.3385608119665
99.8352134553266
68.2676621653831
11.9854280504987
47.1756251572957
64.2484893882192
99.7397674880365
68.1446214907926
11.9491347025824
47.1124795156134
64.154192199152
99.6877041107351
68.0557166623051
11.9117930840279
47.038717903818
64.0515036389733
99.5717611366553
67.9444353689914
11.87362699031
46.9768302514821
63.9542870128045
99.4707578445483
67.8075703976179
11.8364177875748
46.896363867456
63.8446332587719
99.3855754888624
67.7095756313463
11.7986551408786
46.824438519969
63.7537013154168
99.2986289738615
67.5764574886087
11.7625464859535
46.7621855002401
63.6635924187648
99.1889050586132
67.4714958201005
11.7248310434925
46.6916191843964
63.5771511946318
99.1083046903554
67.3644243956743
11.6877218029542
46.6185257677832
63.4843812655621
99.0166755204486
67.2383024150684
11.6504908755507
46.5506195085787
63.3789681655874
98.9037199936432
67.1331598220244
11.6152653890602
46.4881094874674
63.2652024124885
98.7884486092932
67.0103763276594
11.5785748249427
46.4102726298343
63.1877842941892
98.7293833175504
66.9086242240754
11.5421762244143
46.3437361044674
63.1020436673671
98.5940787461805
66.8179945975135
11.503897430762
46.2697801271499
62.9978740329521
98.5891769947945
66.6728440599874
11.4683195095096
46.2076196346624
62.9113121744608
98.4628400734795
66.5751646621205
11.4322011720575
46.1324157341035
62.8064313724107
98.3731594633926
66.458111960299
11.394535133174
46.0648253583398
62.712575857016
98.2867153455489
66.3329641856459
11.35869112652
45.9961453212444
62.6138146770256
98.1938947520292
66.2360648978708
11.3221626047417
45.9288847549425
62.5109735159497
98.0963884018186
66.1256905464093
11.286936026216
45.8588733664525
62.415533198496
97.9814194443358
66.0187312636198
11.2504191065467
45.7893406168165
62.3315374100574
97.913605013469
65.8906576936159
11.2121688967717
45.7192218370668
62.2509027842971
97.8153534595279
65.7789634201312
11.1772965617637
45.6478657001536
62.1361091946072
97.7504687466105
65.65841472286
11.141103719165
45.5880499149123
62.0468300889816
97.63598540005
65.5401618829979
11.1059707904662
45.5180232019335
61.9705997153544
97.5396671705165
65.4503587442348
11.0696996571359
45.4373777070695
61.8543186282304
97.4572861318882
65.3422254853983
11.0333734300172
45.3749392089837
61.7587910301991
97.361439602353
65.2249006425103
10.9980272925311
45.303736725795
61.6814757417621
97.2572119524992
65.1087596305001
10.961134617714
45.240243501649
61.5756961009008
97.2022635901305
65.0148672392525
10.9278295876919
45.1727963436612
61.4889474916359
97.113540530412
64.8995845294943
10.8900448161527
45.1031456404154
61.3996846818138
96.924929321657
64.7628359049905
10.8542459399269
45.0346292304417
61.2908248083883
96.8956559033582
64.6685753175147
10.8207139234965
44.9645067221024
61.1904413387493
96.8060079494248
64.5493721370088
10.7842331365602
44.8980322058564
61.1008892392739
96.7011921097205
64.4441840481749
10.748470472902
44.8316520103778
61.0111174766398
96.6314073574336
64.3370480890001
10.7139391037381
44.7616169705847
60.9343819312351
96.5176968756907
64.2055195499534
10.6786410769657
44.6934720629274
60.8325064827518
96.4584696380787
64.1213462516144
10.6426212559237
44.6241759798213
60.731182713371
96.3412148315836
63.9885750273122
10.6075798648041
44.5542485465948
60.6423953006687
96.2631903994966
63.8776184524664
10.5733913763653
44.4875402747586
60.544679393379
96.1786406997563
63.8034921919068
10.5387686488948
44.4219746816079
60.4475805505945
96.1192077067964
63.6868549798573
10.5018844070125
44.3552875555298
60.3465008799727
95.9730450396815
63.5332279311602
10.4677971540999
44.2864923832373
60.2717782672096
95.898322792539
63.4365368468053
10.4317123861909
44.217189531678
60.164070997998
95.7960744027544
63.3520020632183
10.397657327298
44.1482710031089
60.0651117748728
95.7146767208388
63.2259251148914
10.3633634746708
44.0769964130344
59.9774374128979
95.6749818610093
63.1343035858605
10.3291132510627
44.0152176203851
59.8625196502794
95.536377863802
63.020618214531
10.2941151042543
43.9496109247281
59.7936128716751
95.4608814508385
62.872429662693
10.2599400634726
43.8735325534256
59.7143827115117
95.3682919605423
62.8064371960658
10.2246293440762
43.8098668922753
59.6152925416328
95.2707709709206
62.721147259978
10.188402568246
43.7435339585593
59.534622433299
95.1747716307084
62.5944008280774
10.1542120850422
43.6722899764131
59.4141554143395
95.1075728268431
62.4563176478262
10.120081711897
43.6077412361101
59.3434954540109
95.0105121869097
62.3581953014686
10.0886859836078
43.5359103192006
59.254653044352
94.9335597725782
62.2350775538798
10.0527666738635
43.4728970560276
59.1550270940383
94.8315479659247
62.1464260558874
10.0191287530625
43.4091132592177
59.0684204993115
94.7228944758538
62.0685611304833
9.98333570433833
43.3379389881391
58.9664437911461
94.6517528761145
61.9068669572116
9.94942434331455
43.2724291718271
58.8708240815483
94.5422449781366
61.8102825609474
9.91545535562441
43.2073020575996
58.7852968013708
94.4349738698446
61.7039633126086
9.88023820744045
43.1440000008688
58.6828441721109
94.3619218389579
61.6187296605672
9.84821530036123
43.0731445808487
58.5972828636893
94.2748787466703
61.4906651284303
9.81398288534224
43.0058842511861
58.5049221689115
94.1868978405347
61.3778386444755
9.78159892500453
42.940427987415
58.4096030874553
94.1012068294886
61.2492745670352
9.74523220060942
42.8726400128696
58.317123273947
93.9663022604352
61.1491069934559
9.71526535596314
42.8088258941224
58.206020701306
93.9182278128476
61.0551369553071
9.68217667749315
42.7350869388512
58.1217585575982
93.8196726452499
60.9549718445167
9.64767211017488
42.678494103347
58.0479184040962
93.7310402102071
60.8446620411298
9.6125958399862
42.6068352725668
57.9736122291184
93.6526087199975
60.7297999140786
9.57948904151892
42.5374107554398
57.8628438760559
93.5451773772857
60.6312517920728
9.5469041840522
42.4847492451967
57.7700840824375
93.4625694308886
60.5281271025592
9.51428988406896
42.4113503600949
57.6757373093407
93.3814785450945
60.3948202587156
9.47939351971334
42.3332249262309
57.5967764826445
93.328516445869
60.2681947407625
9.44719775782308
42.2766011294723
57.5027754814153
93.2328276326534
60.2100676765567
9.41424939456025
42.2078772143324
57.3998168587472
93.1243618798708
60.0839446763299
9.37994702901601
42.1468385867311
57.3106655430361
93.0528191065445
59.9950038315961
9.34559986832396
42.0854152885463
57.2309943830769
93.0228829136363
59.8795620972816
9.31475444652404
42.0175401878007
57.1262361713811
92.8380540229741
59.7449685660099
9.28148045954798
41.9399949077672
57.0439180411039
92.7584563595602
59.674889978272
9.24683088765948
41.8716673284171
56.9744727153688
92.6504412537492
59.5430725735584
9.21637677745229
41.8191856274514
56.8586872617367
92.5380286502423
59.4508406057313
9.18324222446377
41.7518136890086
56.7700324764413
92.4869114078998
59.3598812791748
9.14967490613472
41.6725714534039
56.6734072150593
92.3289584355328
59.2168851388586
9.11755040788672
41.6213064668309
56.59431748771
92.2980507546142
59.1212216930067
9.08657218751301
41.5472034665424
56.4888913914546
92.2112406207418
59.0212854337836
9.05331829950968
41.4879682333168
56.4161798647228
92.1310292558252
58.9142413084596
9.02053860489303
41.4163737877933
56.3209679451057
92.0888927190638
58.8351544139015
8.98828997357217
41.3531745294149
56.2513411115987
91.9516104769177
58.7093371082595
8.95611698406305
41.2922121165666
56.1403797570103
91.8689975890277
58.5810642498489
8.92328228244996
41.2238692998527
56.0483578112881
91.7725766248577
58.4811612147002
8.89008619609441
41.1430267601135
55.9640951615626
91.6910570828995
58.4009557833152
8.85863946423932
41.0956954192007
55.8677494218347
91.6317726054187
58.2887566930361
8.82555296880021
41.0139546459978
55.7554733315318
91.4434167095269
58.1614249943416
8.79506027580906
40.9598119290552
55.6969755667959
91.3946433385622
58.0789017040859
8.76357748433428
40.8947758758276
55.5967663190174
91.3360124648938
57.9603484366576
8.72972873515836
40.834212083676
55.5184830458939
91.2312245817057
57.8685681154164
8.70141372747422
40.7682084085488
55.4194903604319
91.1645937170732
57.7951988562398
8.66775152933822
40.7058222862261
55.3467908310432
91.0562293627658
57.6223289913127
8.63534803071723
40.635889370841
55.2651886943176
90.9429286912193
57.5473204996345
8.60516938859656
40.5690369511502
55.1582782882449
90.8835184559965
57.4450748285859
8.57231068374228
40.5059671720678
55.0840955661657
90.8144282179442
57.3356457896968
8.54146074313068
40.439300612393
54.9724468403758
90.6848445466705
57.2395175539229
8.50687775845606
40.3796707481895
54.8863891058447
90.6460846206692
57.136045979602
8.47579038997928
40.3235232993189
54.7932359799365
90.5462356445906
57.0460941340877
8.44735323217264
40.2493557005641
54.6783259789123
90.461515447203
56.9200013582806
8.41441549662728
40.1851893712962
54.6430163115981
90.3458463992224
56.8129547567597
8.38329169889761
40.1134414061885
54.5379069128854
90.2099472098744
56.7277517197121
8.35194924035155
40.0676158974262
54.4408763455364
90.1281516444664
56.5843285127461
8.32147405241794
39.9847092701844
54.3554799580856
90.0885739506834
56.4837246883095
8.28956880299132
39.9276897443421
54.267477547924
90.0695206802871
56.4022690980338
8.25916391535694
39.8632593427138
54.1812898522478
89.9767904551392
56.2959302954386
8.22770233796767
39.8036814660832
54.1090020804553
89.7873868037626
56.1928823612207
8.1967972226421
39.7263151346692
53.9812645622732
89.7667938929583
56.0879004304406
8.16522188141707
39.6727338391988
53.9098839310347
89.6228141137841
55.9967993776789
8.13487172252185
39.6065810351866
53.8478149742559
89.5898758489216
55.8658163625252
8.10387934169074
39.5356887673152
53.7344126734073
89.442652167365
55.756367288715
8.07420874662024
39.476382841147
53.6783594101543
89.3463649580827
55.6376364841649
8.04486871243832
39.4024332495874
53.5668725668864
89.2920556786244
55.5842261948565
8.00994908709267
39.344663417954
53.4789947581548
89.213958426762
55.4747654826072
7.98124907366722
39.2834537436324
53.4111717329801
89.128470354536
55.3694974465283
7.95124813107831
39.2155039291837
53.3070472547231
89.0352507854394
55.2889901262984
7.91925370607172
39.1560579263632
53.2065187654997
88.9265732646814
55.164282610198
7.8917746905009
39.0892108179434
53.1370809561737
88.8596955023464
55.0820305550726
7.86315765627657
39.0216771357017
53.0508378402534
88.8021437669935
54.9560735350724
7.82959232677288
38.9577003538642
52.9598731715977
88.7141744920005
54.8396660082589
7.79883360831415
38.9078985517269
52.857306413871
88.6075468471797
54.7382471587114
7.76843473305515
38.8373942985001
52.7502303218894
88.4691920746556
54.6617017249196
7.74103604674934
38.7741663200044
52.6765062901529
88.4487575361262
54.5262027783965
7.70939430132155
38.7181245369302
52.5822346403004
88.2635924832231
54.4468628890796
7.67983384434131
38.6382553800557
52.4983680058712
88.297569445504
54.3345684589174
7.64967662396003
38.5898183974507
52.3932085241148
88.1629131104529
54.2427873337366
7.61895050098304
38.5236064204682
52.3612616379955
88.0629898858834
54.1333634098172
7.58867739943975
38.4601318075536
52.2536055951993
88.0335764262633
54.0440888789137
7.56277260071488
38.4021113298023
52.1569192173986
87.8521435554813
53.9452422011399
7.53116363887659
38.334739530526
52.084052344149
87.7835397351027
53.8369771016724
7.49954137914181
38.2707228222257
51.9836833275538
87.7800901078857
53.7225692690517
7.47110301536223
38.2050046266038
51.9090587868662
87.6150247045093
53.6217593887032
7.44127885573296
38.1455553706824
51.835879001721
87.5419296675206
53.558596028069
7.4111566902572
38.0833057101878
51.720786523205
87.4602373419712
53.4623893953764
7.38387222033922
38.0181057827461
51.6515867215331
87.3416454132952
53.3396268182687
7.35487984920374
37.9617692288052
51.5714226450241
87.333340711851
53.2102347116329
7.32480007120546
37.9012222298013
51.4588475011716
87.1882270235324
53.1282737003526
7.29582564084394
37.8272149903614
51.3930687395444
87.0967723189295
53.0239210653805
7.26626993313799
37.7745591474672
51.3153931422257
87.0105601253955
52.963914222135
7.23725157036796
37.7073289371882
51.2153518264361
86.922357633029
52.8034244852421
7.20915896011463
37.6449819815002
51.1201128886802
86.8660142169955
52.6837126932743
7.1818549433211
37.5931235667075
51.0426090178109
86.8223396283045
52.6242857435559
7.14950015949953
37.5184225928745
50.9587042958548
86.6753547771663
52.530945529365
7.12371274094965
37.4612380512498
50.8979966817404
86.6552115824169
52.4268049547588
7.09259650686185
37.3999248875599
50.8033339953694
86.4611263177306
52.3269431468807
7.06399591385808
37.3332288948331
50.7129001689984
86.3894733530116
52.2018360887488
7.03627793471412
37.2757521254985
50.6278323526673
86.280920116389
52.1351924894619
7.00831824797656
37.20427571643
50.5451840550227
86.2657779150032
52.0154480062342
6.97853039918633
37.149211470109
50.4440556173962
86.1674991584917
51.9360089284136
6.94950428121457
37.0872931202791
50.3636436284977
86.128100409007
51.8069375006648
6.92278638177723
37.0147089781855
50.3011000628631
85.9993453521017
51.7642304769558
6.89384824231826
36.947449760609
50.2170677118964
85.9387796864913
51.6324457292309
6.8615262054775
36.9009623455222
50.128142897402
85.8035677035737
51.5315418383276
6.83534336343349
36.8416674806312
50.0119480050957
85.7582302128075
51.4191711285708
6.80986155792129
36.7641235043103
49.9466929999532
85.6401287721655
51.3237853535539
6.78131706078024
36.7188607784138
49.8850320404267
85.5374531760991
51.2306870593672
6.75072193488067
36.6520409720057
49.7742449231981
85.4741982357582
51.1144845968812
6.7270145569721
36.5848107342993
49.671759988705
85.3650246561467
51.0492062587479
6.69775976338515
36.5174557430768
49.5748323243625
85.2420873224873
50.920219607751
6.66886506320145
36.4617512647747
49.5162463998844
85.17421283087
50.7757275859917
6.64166553848091
36.3907287853315
49.4079854121794
85.1171162803009
50.7114624321361
6.61717678764935
36.347270414101
49.362125036852
85.0625670990246
50.6088465578969
6.58535945549785
36.2703745400954
49.2652815649975
84.9387968128131
50.5585095435243
6.55779286637231
36.2390604361858
49.1849763338677
84.9001237051185
50.4398249040886
6.52799880546508
36.1706243064881
49.0778228061068
84.8262670085665
50.3508313102003
6.50334834192414
36.095060644694
49.0062438107863
84.7448017523553
50.2589931572828
6.47716108003025
36.0447508228363
48.9559087036069
84.6435193958184
50.1888988215952
6.44813287262894
35.9810135027958
48.8762407000902
84.5208940515012
50.0529170564098
6.4195020433198
35.9233167947147
48.7414055544751
84.5164866576833
49.961862095111
6.39428635975544
35.8565896690521
48.6941723706637
84.3606419100859
49.8511031550185
6.36615949878653
35.7935094809554
48.5841474181048
84.3129433814264
49.7324945849594
6.33926090703982
35.7407402166163
48.5134766122676
84.2076864903013
49.6367990005271
6.31080857278072
35.6705827852478
48.4400173171914
84.1235005749392
49.5858998616356
6.28263895773895
35.6083831611671
48.3650393273213
84.0392154056672
49.4675578212925
6.25515264769641
35.5495232160675
48.2583243515357
83.9375534989346
49.3922823023864
6.22769711512137
35.4883528440943
48.1825241860912
83.8428161905428
49.2779983876596
6.20499642865874
35.438529080687
48.1228716662629
83.8232633981458
49.1393342171309
6.17713964545373
35.3672494816856
48.0308129318085
83.7358573214719
49.0789839020596
6.14893874845887
35.3110442346952
47.9352741774517
83.6812351593013
48.9415766106237
6.12155863780777
35.2432358970961
47.8406384510719
83.5192246166096
48.8984106760931
6.09696121221874
35.1828178040366
47.7870432999886
83.4822748945473
48.7588170012142
6.06878600775371
35.127948350951
47.674361256862
83.3296344342044
48.6201437889835
6.04358631290556
35.0648483068606
47.5731429211803
83.3173042949027
48.6046582551941
6.01733236732259
35.0174649510614
47.4907178123871
83.1801962589344
48.4978938455518
5.98985855863748
34.9452056593044
47.4291979473215
83.0943735938217
48.4428686663099
5.96481858303039
34.9012858232701
47.3637443686381
83.0510957842067
48.2758313144146
5.93676330063801
34.8249023167872
47.2777036052557
82.9940397073395
48.1967044699716
5.90942563698345
34.7704803787129
47.1978358780029
82.8714500019983
48.0881009917308
5.88456236052855
34.705335099063
47.0995927664105
82.7760981124163
48.0398062081423
5.86041123788205
34.6419191397452
47.0356453091632
82.6860244572628
47.9173703522333
5.8302222991612
34.5833042709639
46.945871386605
82.6132293691955
47.7973358853473
5.80761450194002
34.5280103224322
46.8712032602774
82.4930355887628
47.6699505885946
5.78105256561478
34.4875539524522
46.754334822718
82.5120217692867
47.6445839089752
5.75605681247509
34.3995749420288
46.6845342909111
82.3154012334412
47.5620976536608
5.72954345127224
34.3424773618327
46.6159523214467
82.2612983650595
47.4193593396797
5.70144559566011
34.3032012563548
46.5051099257121
82.1284578018773
47.3385750541187
5.67963230196421
34.2241350975517
46.4177588679088
82.1005455019418
47.2612784160923
5.65364626055664
34.1658446192858
46.3732452902512
81.9581052474906
47.1146754560877
5.62587530036692
34.1129278646996
46.274039038777
81.9327080549782
47.0529674510899
5.59902711079164
34.0480342663493
46.1906903345848
81.9290220499553
46.9836090247317
5.57651895785979
33.9887770243608
46.0856780392907
81.7385713856138
46.8587162707861
5.5490504222951
33.9200765518807
46.0223432447664
81.6519897420968
46.7423726611811
5.5249939035152
33.8727093660757
45.9683650186509
81.6562857409824
46.7136750426134
5.49825549937835
33.8089406145028
45.8549006347301
81.4651870837589
46.6040637100802
5.47310836609963
33.7507793000104
45.7535887293736
81.3714733418684
46.5049590699664
5.44620381182038
33.6846040838592
45.7051440771453
81.3585134823817
46.4465170427345
5.42422715696438
33.6384241880225
45.6227801915674
81.2248200312126
46.3147505132409
5.39959510804836
33.5690361593868
45.5716387896555
81.1037127378315
46.2407740595319
5.37386488639905
33.5140745982138
45.4794604403258
81.0895577956215
46.1234096515177
5.34959819850136
33.4628825640144
45.3569105967988
80.9710622743792
46.0366078273793
5.32346686191653
33.4104495187092
45.3192264323354
80.903716539966
45.9665475417219
5.29866643733426
33.3408229303136
45.2236638270157
80.880268972287
45.8534538586847
5.27163528338214
33.276552428323
45.1175077129235
80.7850155285457
45.7742921590742
5.24800098192578
33.2224695359479
45.0335127879316
80.7550964266395
45.667312884067
5.22243786682117
33.1583959220621
44.9884854171695
80.5520007800883
45.5579853661039
5.20071640549524
33.1003359346951
44.8911409631832
80.487545472075
45.486911632165
5.17412291230674
33.0414662161079
44.802493591496
80.3970565240223
45.3773418439898
5.15068224700951
32.9788744327009
44.7258954037332
80.2987136408194
45.2932225717544
5.12548364693468
32.918164008423
44.6726621419589
80.2418523994701
45.2447309564955
5.10040349867768
32.8737320986584
44.5604657699013
80.1665306834818
45.1067965627431
5.07681294181031
32.8021817929799
44.5208865121684
80.0901504822973
45.0524330974343
5.05405619393331
32.7545808856471
44.4219476158541
79.923330498116
44.9320845403956
5.02972663881281
32.7065744331213
44.3635285294626
79.9223854148065
44.8666731206699
5.00441989981876
32.6497502257038
44.2531138814722
79.8976835327103
44.7490884857332
4.9811459459593
32.5712084095353
44.1853347374975
79.8370372580813
44.6344547758353
4.95533367723199
32.5291899026875
44.0982054594372
79.7992542854635
44.5343526575291
4.93336996038581
32.4547117353794
44.0248650235138
79.5914801708214
44.4612194434014
4.91096183890355
32.4072262765307
43.9122923964662
79.5368831174983
44.3000801506965
4.8829653347834
32.3507167077899
43.8739037877729
79.4405229993163
44.2687254818877
4.85979902442268
32.2992392583703
43.7675740165063
79.3732112973344
44.1355060972466
4.83822163215723
32.2331199118257
43.7412903332661
79.2101025913178
44.0985325670263
4.81408256668959
32.1753740127093
43.599852855182
79.1537644259388
44.0498134983815
4.7901073349073
32.1173108494551
43.5771326331298
79.1504436455272
43.9207052120554
4.76741540334407
32.0578957372714
43.472839019292
78.9790749589693
43.7844060789644
4.74404544945682
31.9989545256733
43.3546391647594
78.9657657396018
43.678490280385
4.71858738102282
31.9391347584514
43.2832150080619
78.831040294164
43.6267763757424
4.69607518664526
31.8749980627279
43.2117769625524
78.7388185510719
43.5547442238686
4.6724547328934
31.8119387004671
43.1381865656065
78.7179867195743
43.4839259932972
4.64665831548511
31.759018762974
43.0160714874841
78.5763658647626
43.3944059145199
4.62518068775214
31.7177638388156
42.9915482657496
78.4757641463499
43.233902941179
4.59870359676883
31.6488924171565
42.8854072539737
78.3867504417802
43.1496680896298
4.57888317577356
31.595714358987
42.8352424884571
78.3548283965019
43.100563198655
4.55573647298418
31.5263852261632
42.7045763135094
78.2843949697925
42.9757982056577
4.53136362432208
31.4779302608815
42.7172149265098
78.2725438028623
42.8878234827846
4.50870375116329
31.427743981452
42.6282286937101
78.1557779039345
42.786293053135
4.48589525976213
31.3846667288088
42.5353371695889
77.9864907009847
42.6868259706092
4.46369789998498
31.3102075801106
42.4249471386378
78.0422511767806
42.7048399464209
4.44172714010369
31.2433976712035
42.3710757601355
77.8682255495955
42.5492502496906
4.41638817002824
31.1893142406291
42.3056387219477
77.7967184576579
42.4734338264082
4.39728545571711
31.1191136037895
42.2162662082299
77.6770093069561
42.3168236725023
4.37158769704943
31.0885248271203
42.1029310826262
77.6252186819775
42.3177764958807
4.34962773573689
31.025012627628
42.0431816298224
77.5678689977814
42.2400856371976
4.32898059756991
30.9815571927755
41.9778368761454
77.4711967548352
42.1188643879388
4.304958474155
30.9141166666025
41.8743456416423
77.3787614171784
42.0253037897882
4.28212754710139
30.8682454907361
41.8586143324584
77.397611754474
41.9196047216709
4.25878771022809
30.7980092235892
41.7676738356791
77.1298644163498
41.812162713234
4.2395180317141
30.752756927768
41.6752399434933
77.1632393654672
41.7833874050547
4.21656251843005
30.6956392346506
41.6002646432224
77.1765491542092
41.6419164470276
4.19287847856429
30.6468223290574
41.5151064073446
77.0066580122813
41.5839686109638
4.17254164810301
30.5770166883915
41.4575160530858
76.872975770498
41.4764530563442
4.15120930685829
30.5202072384411
41.3628352180542
76.7897471160812
41.380908295178
4.12897776047747
30.4521412851684
41.2912113997783
76.833094333356
41.2524190625173
4.10714141496915
30.3999119499378
41.2028772040974
76.664538845907
41.1432875318448
4.08808703508994
30.3529006823581
41.1272422512052
76.5413416389893
41.1568027136031
4.06505574387819
30.3009526575514
41.0572291215799
76.4307339849835
41.0386009929362
4.04113299679079
30.2406320375979
40.9761908964437
76.3857359823718
41.0036129407785
4.02035662821298
30.1910699120305
40.9011248178432
76.3586219561749
40.8176005216399
3.99828841601142
30.1268059524072
40.8520788173439
76.2616431718881
40.8272125562126
3.97873524996218
30.0745259025698
40.7485779416913
76.1016182016202
40.6880129200067
3.95536484017366
30.0347833213439
40.6539043652061
76.1008043486271
40.5918591275131
3.93469188616493
29.9497266523498
40.586195932282
76.0323850634627
40.527573684028
3.9125259424589
29.8876716135694
40.4931985665425
75.9239070902564
40.4708929397243
3.89220076432363
29.8412620756888
40.4265814665213
75.7876857394928
40.3482256097944
3.86970333333363
29.7901898061496
40.3732591556318
75.7404536058721
40.2706868469827
3.84813800206751
29.7404996560748
40.249235197336
75.7461904685281
40.1871640823526
3.82979683989774
29.6847970689678
40.2286547916452
75.6018172017816
40.0623827903424
3.8065945293586
29.6390752243269
40.1076703197371
75.4885303488814
39.9895819205905
3.78674958100111
29.5642598393468
40.0413088062426
75.5845523823295
39.8915562525292
3.76422835849813
29.5157163123506
39.9747784143645
75.4802147882979
39.8695319524167
3.74300797337419
29.4630862336787
39.8532307890516
75.357644979063
39.782610736169
3.71945752665136
29.4056834453985
39.8751735846235
75.2865347160367
39.650457670052
3.70423768407419
29.3491751420203
39.765689421455
75.1980803010266
39.5426372515979
3.68256385953182
29.2967103313477
39.6923225283187
75.1904484122058
39.4761962616911
3.66109741054378
29.2173735641913
39.6392128321042
74.9904766415418
39.3917244277554
3.63887217146503
29.1887326840164
39.5471820926408
74.9010705583989
39.2448551035077
3.61869435875066
29.1340076842927
39.461030326321
74.8685887910419
39.2131522370776
3.60189327087771
29.0668616621244
39.3387612752142
74.7629881026103
39.1927833434787
3.57880498124291
29.036039002089
39.2901402193379
74.6564875655011
39.0235945621333
3.55941059607491
28.962734691072
39.1731958045994
74.5490118617998
38.9613531258586
3.53653293834623
28.9089637326777
39.1141577990263
74.393892090617
38.8747929669013
3.51555925850587
28.8473541280623
39.0884048026292
74.4234212854419
38.7748843595685
3.49791923575817
28.8019412911732
39.0312101166599
74.2399320186683
38.6798506352901
3.47603477989039
28.7394606262128
38.9039373374137
74.2816884072315
38.5807796211921
3.45678912071859
28.6874689198903
38.8556562935981
74.1605317653009
38.4971381764644
3.43737332066434
28.633696704554
38.7878291406249
74.0806028742701
38.3700580355871
3.41723285012561
28.5807097286121
38.6926989668825
74.0447645467099
38.3566512551431
3.39886847191747
28.5307734994139
38.6286107082827
73.9097110055034
38.3042187699663
3.37693491039789
28.4624320070846
38.5428031403498
73.8031035450537
38.1866570563504
3.35778630771575
28.4141815502933
38.4762713897425
73.7250411748895
38.091037977861
3.33757340468915
28.3620150513005
38.4305490299214
73.7154928653159
38.0393781453237
3.31730250145656
28.3234790621668
38.3548776160107
73.63174033095
37.8500448898146
3.29893834572225
28.2704801064196
38.2497151967648
73.4703505640487
37.856557238493
3.27962054289692
28.1872352209016
38.1822539441383
73.4096646987179
37.7506923252533
3.26087456780846
28.1534657678261
38.1223848054797
73.4236636141255
37.6381982995209
3.24465942278219
28.0938713947103
38.0174274307405
73.3490396470682
37.5513152160155
3.22274535433097
28.0460125612792
37.9764476181852
73.2597142257835
37.5283428831027
3.20329461589892
27.982437579826
37.885949780431
73.1915348684695
37.419967139958
3.18270697562107
27.9365679928125
37.816086151935
73.1125408204869
37.329247594468
3.16224463414219
27.8776973867015
37.7466861034172
73.0128048972629
37.1892894588629
3.1456643272353
27.8235873730212
37.7053451821657
72.959048425561
37.112488040488
3.12558672164347
27.774218544211
37.5945390263886
72.8663658802766
37.0956422126716
3.10800257693808
27.7261651848356
37.5094490177212
72.6304134037261
37.0316295767659
3.08731698310246
27.6645516527066
37.4339516007106
72.7236310248601
36.8234266146971
3.06762107757064
27.6320508571895
37.3932256504912
72.6275703339634
36.7950657436883
3.05093362091097
27.564976012368
37.2873368860111
72.4481351104817
36.7243572152819
3.03222824182819
27.4919256946105
37.2152906076466
72.3581917838633
36.6827587445129
3.01354517896354
27.4352806138492
37.1211464353471
72.360818620116
36.5545307136193
2.99567423087616
27.3866379003944
37.0425778416632
72.248505750288
36.5253424840572
2.97325004383351
27.3297479105707
36.9904232702174
72.2145189288747
36.4099690738882
2.9544361641527
27.2942440462605
36.9647466490706
72.1016455382441
36.3110960815818
2.93552653829876
27.2320758977829
36.8666460383972
72.0179609293906
36.2607323630837
2.91620580464638
27.2001600141472
36.8059456514433
72.0535848849029
36.202275220864
2.90294744557146
27.1353029970898
36.7326628150773
71.9193502903404
36.0325736363726
2.88216236939788
27.0803223623898
36.6121661816651
71.7681048840357
35.9622698781973
2.86467342039874
27.0375900049632
36.5757886192887
71.7627048991389
35.91248430758
2.84179671436404
26.9812954643947
36.5008011116248
71.5979209361521
35.8051291120262
2.82481803439411
26.9264372592412
36.4308159350742
71.4651435233782
35.7802816298848
2.81061719759063
26.8725246499494
36.3966942688564
71.6236282754253
35.7333651165356
2.7913482792054
26.8181086794878
36.282205830649
71.4051557438682
35.6059784443262
2.77237471374046
26.7530743576648
36.2481272191555
71.3350704947392
35.4825561877656
2.75505576799731
26.7069685589016
36.1506524392722
71.3243382350207
35.4470354258306
2.73780055509388
26.6589872064346
36.0963026584836
71.1958995481585
35.385504460665
2.72198438914872
26.6127957596855
35.9437550598689
71.0190095434179
35.2721144289965
2.70162061983305
26.5477797833215
35.9407782003562
70.9875110371242
35.2374782178043
2.68340576918769
26.4964364114581
35.8682534375526
71.027385019352
35.0673098961544
2.66574551089864
26.4382061928453
35.7603488331583
70.9132771009025
34.9796423385421
2.64956313668616
26.3972085305029
35.7465880952557
70.6317187895809
34.9162002011796
2.63130084510765
26.3382754393798
35.6286507876409
70.6645968305482
34.8660124440472
2.61156404675598
26.280229431518
35.6281010852019
70.7245420482366
34.8028804921792
2.59964411694026
26.2259430044864
35.4745333863513
70.4449482414871
34.7014944578408
2.57774635321345
26.2059635561571
35.43277322675
70.4476826501005
34.6139269125681
2.56061240478569
26.1295756086649
35.3684230414046
70.4963785056548
34.4761042791909
2.54496521697837
26.077855301074
35.2298664638844
70.3327287860339
34.4395373602193
2.52782064355383
26.0293210896045
35.2043138906612
70.2174311690115
34.3938386132806
2.512516316028
25.9732178110549
35.1221853647177
70.1057610109701
34.2330489720083
2.49117545888179
25.9089064060197
35.0673858569084
70.1822813568026
34.1684924305077
2.47704902787113
25.8670045906378
35.0018923945403
69.9740392066893
34.0586765103761
2.45748739439319
25.8225278178062
34.9467648135925
69.846157691156
34.0277716346721
2.4436433474719
25.7663742138962
34.8561462282002
69.7788604466337
33.9735368865946
2.42713662925097
25.7333333508355
34.7502804653679
69.9310744940997
33.8717419031256
2.41061710979474
25.6633843090336
34.6887630531935
69.7891979546155
33.8280340472845
2.39353925997989
25.6193761166753
34.6632099922875
69.6038412339893
33.7350547144216
2.37481585895096
25.5787072355837
34.5746279143227
69.4803502115207
33.640438953505
2.35762149215722
25.5067628833821
34.484720254543
69.5133004009032
33.5616904624806
2.34194553329053
25.4623877052231
34.4752531875277
69.4016259329142
33.4765954830617
2.32670405331943
25.4053749789029
34.3733767082497
69.3233830923744
33.42139578087
2.30904846480457
25.3772423035384
34.3167990396349
69.1308963652559
33.319812668884
2.29503325196624
25.310251929215
34.2159215433925
69.1544511799153
33.2383626622219
2.27593858167321
25.260245283222
34.1249576833624
69.1661164313459
33.1708874907201
2.26011114400108
25.1896380573055
34.0633856493104
69.0850931981711
33.0936806513687
2.24480146475312
25.150967207085
34.0522486253449
68.9844688853942
32.9792998614361
2.22903601595056
25.0907809077131
33.9364714119329
68.8877843331961
32.9271734928995
2.21185715089721
25.0452377753599
33.8748050165116
68.8366336249254
32.8105709787799
2.19571474209024
25.0109938350543
33.7815909083707
68.6989435781375
32.7645256575706
2.1812265097705
24.9586399968494
33.723790944795
68.5309527663714
32.7049314533544
2.16292033371703
24.9028370369737
33.673154122695
68.6140579994966
32.6603504093379
2.14873708437388
24.8425314761215
33.607263199127
68.4957531029907
32.5757170645756
2.13301630152561
24.799291580633
33.565807647347
68.4828476964445
32.4733129505415
2.117450037048
24.7457521623713
33.4241751363264
68.3219697363921
32.2761197563862
2.10256365453208
24.7033471714596
33.3615885652784
68.2182555708923
32.247546268025
2.08573836668197
24.6552946112236
33.2752135974512
68.2186742431837
32.2080235647343
2.06930575406883
24.5975883846563
33.236387044598
68.1076707192018
32.1606368670721
2.05573478376669
24.5448417601873
33.1908299528175
68.0235035623649
32.0090964625888
2.04046865540793
24.5049620500137
33.1450388739812
68.0200302239054
31.9919044611771
2.02264874906026
24.448549573801
33.0209421970423
67.869565012317
31.9673197168201
2.00945668845105
24.3877616926786
32.993576308681
67.819018322952
31.7618022214607
1.99312241099751
24.3429932714782
32.9035802889021
67.7390135309144
31.7781850777485
1.97970464813393
24.2953168614117
32.8174378064992
67.5475621186665
31.6440953752761
1.96363289809704
24.269863613397
32.817201073033
67.5654823416823
31.5511080161323
1.9490262784154
24.2136277398245
32.7062281689078
67.530828165367
31.5493432043618
1.93344964781328
24.1552109713529
32.6205193428451
67.3835381129221
31.4532171830174
1.91885736768164
24.0886785585359
32.5531530726573
67.3121837872935
31.3978708619297
1.903480521401
24.0366199875646
32.5118777880943
67.1122452040211
31.3378087507421
1.88825988540344
23.9883049173502
32.4124318488023
67.1235772765897
31.2112613789604
1.87517224755317
23.9530163090592
32.3847292661868
67.2312495803966
31.1324755032405
1.85951558923084
23.9015416771562
32.3518911327066
67.0736549937697
31.1013293557837
1.84603359181125
23.8430066343612
32.2526594805353
66.9661376602506
31.0149982268333
1.82907554601842
23.794207870154
32.1721951074878
66.9581546093648
30.8926173403306
1.814355493356
23.7494617680198
32.0954118971984
67.0037063126024
30.8539369671515
1.80036502149125
23.7009268301322
32.0104347809062
66.8210162165497
30.7564958898056
1.78720357136022
23.6372105754851
31.9797501000638
66.7165578977011
30.6737837796706
1.76998829614246
23.6016847070155
31.8969991794294
66.5684222340511
30.5800663253846
1.75879071770636
23.5540502566361
31.8250573874959
66.6708114739708
30.5333534706944
1.74417871518815
23.495593126917
31.7926207499048
66.5018523798399
30.4057387142005
1.73118661552705
23.4527063669485
31.698839479927
66.2812512178777
30.3338337234001
1.71475500960796
23.3970395464496
31.6159702133729
66.2586935091885
30.2878164628621
1.70181492759333
23.3458227374792
31.5868109442412
66.192841359103
30.2428095777742
1.68699709679881
23.2931706397862
31.4681631890045
66.2023754186446
30.1164814426803
1.67150407773423
23.238141318033
31.4230769640376
66.1657455532345
30.08346926188
1.65719050332343
23.2050610258248
31.3431942995277
65.8909788848622
30.0400883255781
1.64454182033126
23.1560770859108
31.3023027442082
66.0116521480128
29.9866743258941
1.62907134736408
23.1124678269664
31.267726994752
65.8406070161304
29.7615872389555
1.61960622550102
23.0766410180028
31.1146891467821
65.6903426114831
29.7321370199288
1.60297156703697
22.9977599541432
31.0734347300587
65.6245874738525
29.6751857637441
1.59144166594171
22.9547643128879
31.0420181574529
65.7581160964289
29.5634295791886
1.57542292557129
22.8961099385354
30.9525098904817
65.4678472702067
29.6236627808127
1.5629232041075
22.8626668184098
30.9086974716719
65.3871994186675
29.4397015170845
1.54724633359807
22.8058530156693
30.8427076924812
65.2501669533775
29.3665268441725
1.53751208205443
22.7654221957207
30.7601639253868
65.3175853597757
29.3397468980217
1.5235548504403
22.713417357005
30.7169433647505
65.3137092230131
29.2558583280434
1.50830399882561
22.6751262756905
30.5761095080068
65.283403161488
29.2686064859957
1.49700799101212
22.6191323182668
30.5496776747819
65.0476408558696
29.1214051268657
1.48354336691427
22.5651366443128
30.5061687758549
65.0097086797431
29.0850592416271
1.46917904037766
22.5303793315655
30.4172809779219
64.9275405652901
28.9471186098731
1.45359546417673
22.470514020174
30.3013769540448
64.8513596279623
28.8434386323081
1.44218695181557
22.4180489775328
30.2991359476453
64.723888046428
28.8187702987167
1.43049314294286
22.3987211102692
30.2387123987598
64.7111084847359
28.7089373649783
1.41935829684195
22.3364747566576
30.1637052433333
64.7071690266828
28.692823120102
1.40687690267041
22.2799198025942
30.1199168561227
64.5026895996079
28.5647568772889
1.39340403100666
22.2398815889408
29.9621290934297
64.4627999954851
28.513978542965
1.37956807552227
22.2059502983147
29.9867072619399
64.5178231228965
28.4922117675402
1.36745036655667
22.1343318340931
29.8639533268041
64.3815552209777
28.4204121766161
1.35563886714327
22.1034078800356
29.7892808933651
64.3125630360449
28.2941878597496
1.34363374778694
22.0392919508209
29.7491852480269
64.3384064354749
28.2459124201784
1.32841384265021
21.9943112641443
29.6925962788167
64.304091222519
28.1481993218471
1.31768820327957
21.9575636497626
29.5832365338511
64.1436190644726
28.0386666065535
1.30567316472908
21.8987227855477
29.6036081838107
64.0238022003831
28.0066449916145
1.29617026990564
21.8611607662498
29.5025607433707
64.0388829353795
27.981469482471
1.27842181402523
21.8061527299503
29.4250047325608
63.8138812196917
27.8083018043104
1.26825167522923
21.7622522943473
29.3449249330247
63.7031795917135
27.8357776004977
1.25544194206619
21.7167028677694
29.2830344625022
63.6641398071448
27.7841235558683
1.24325830062976
21.651634349511
29.27690390885
63.6433866330461
27.5988828820172
1.23176396943825
21.6025998307254
29.2199377679989
63.6196074264964
27.5983302621653
1.22213499960114
21.5626147501269
29.0614467907219
63.4561567532702
27.5245883077937
1.20865486395653
21.5143203648148
29.0661368060878
63.4437749537419
27.4405056750047
1.1963848216561
21.489740462793
29.0166328436666
63.3701564187914
27.3523319532104
1.18513378041846
21.4145446175535
28.9430189662245
63.2903671556051
27.2767637912696
1.17107484415364
21.4024238436751
28.8633066229881
63.1932183787179
27.1802767240208
1.16315737114385
21.3403235859824
28.7291450091604
63.1223510074091
27.1489966313579
1.14967183549399
21.3186806368136
28.7384207513509
63.1241313077509
27.1208218573202
1.13835716053507
21.2325845451717
28.6797498548318
62.8282432353075
27.071593748869
1.12798363428598
21.1801080502416
28.5780500365595
62.8674756140519
26.8830296312952
1.11385130996759
21.1714667471757
28.5143163949611
62.9735413493448
26.8792442097392
1.10482619809713
21.0860652440268
28.4677163098376
62.8041825513943
26.8415347071944
1.09470808904485
21.0349253376885
28.4566172410847
62.6231277754894
26.7395448840494
1.08146017387478
21.0015556058892
28.2962854056188
62.7956694533418
26.6917022085749
1.07032995019912
20.9423076911661
28.29313764754
62.4381887945296
26.4892538710188
1.06146234748279
20.9057184105647
28.2386916548964
62.4124569213052
26.5265841970473
1.04946239692787
20.8724038122306
28.1468179070626
62.3365840970165
26.377575736227
1.03784710436902
20.8022745526569
28.1087821325906
62.2873535292444
26.3429532342697
1.02534351012031
20.7855709644066
28.0398846655498
62.3634424397825
26.2691319769285
1.01501305313514
20.7264339733144
27.9529656255113
62.0232538782938
26.2119653228169
1.00195852324406
20.6716592189615
27.9093623782899
62.1439485978434
26.1598611129184
0.99504105134628
20.648149576597
27.8566577151635
62.0077609291704
26.0691598613967
0.98345959566251
20.5990938712596
27.7774388028723
62.0925115854829
26.070683548913
0.973806829999545
20.5383381239195
27.7103241902239
61.8921357865083
25.9200069445262
0.961817601591028
20.5210868661669
27.6664205730526
61.7799271496047
25.9047752770143
0.952052224074156
20.4473243724525
27.6428066108868
61.7614562530002
25.7995180703964
0.940517688339866
20.4017548185211
27.5347794020477
61.6633790803276
25.7226674092765
0.929985821547896
20.3693182524199
27.4373530670614
61.5430389622729
25.5614722366726
0.920673952060283
20.3295578751529
27.3981585422455
61.5450898597448
25.5313969978473
0.909123405192492
20.2794234353568
27.3577271422872
61.5039726235934
25.4935809779805
0.898841526082649
20.2049200283347
27.2263270552165
61.246191443173
25.4461289220463
0.889718032985314
20.1880204670102
27.1848346753401
61.317915692358
25.3466656249499
0.8782564337533
20.1250398490152
27.1696983858034
61.0645362768089
25.269509846709
0.869431705331345
20.0783810962078
27.0255618247322
61.2360240647883
25.3170583776364
0.859640894438287
20.039003680291
27.0419472325712
61.1647041553645
25.1592100161526
0.848700960797957
19.9971279217883
26.9657633815989
61.0675382413112
25.034114255512
0.840143971804648
19.9445781251802
26.8466821869444
60.9370568309875
24.9769739713932
0.831239834649324
19.9009637392816
26.8026217702723
60.6459398791756
24.9364883189662
0.819861688474788
19.8586059221699
26.8126201564252
60.8672906764197
24.9089392671033
0.811855865681158
19.8170097862653
26.7166467180923
60.9125210018274
24.8696482031916
0.801377410061064
19.7691828127339
26.6130376615352
60.6947336248924
24.7625462992537
0.79184449190365
19.7269809818367
26.629622067974
60.4570749575144
24.6437483185883
0.781751739227335
19.679198045989
26.5003813758323
60.5922712192881
24.5622273460481
0.772750672971208
19.6240202886741
26.4941687725699
60.4974965431206
24.5412951187071
0.762799927451143
19.589296402378
26.4004986001087
60.3109582986716
24.5290204591517
0.754645713629857
19.5360694492071
26.3342797336039
60.3962261552269
24.4203222460101
0.74346899661682
19.4943744779675
26.3147167999226
60.141181606555
24.4038808431352
0.735148793043615
19.4280347308682
26.1999383819225
60.1411564287086
24.371859830355
0.724243580213122
19.4006826540552
26.1798843163952
60.079100007473
24.1922155536154
0.716426876461086
19.3585770146486
26.1546204163979
60.0153600866987
24.2189341326523
0.706679123442649
19.3092552638138
26.0558662013022
59.9167380991954
24.0470402748994
0.697980963102696
19.2675263736928
25.9816711929907
59.9355023306425
24.0535007083881
0.689793485492422
19.2277635877468
25.9286792951778
59.7710981060603
23.9949917642197
0.67937418732478
19.158702464208
25.8569978787025
59.683256870767
23.9459903902621
0.6727933502511
19.1345857643266
25.7885306077833
59.6836325948044
23.8716737647244
0.662390668694729
19.1030848239007
25.7765419754495
59.7150414101312
23.7665146544101
0.654251942459605
19.0615978874683
25.6278879298274
59.486353769173
23.6798727337846
0.646730147161605
18.9859566291985
25.6136222978788
59.3017542971719
23.6261789027156
0.636648237758081
18.974322335437
25.5607672819373
59.2755464963067
23.6155278128107
0.629765134562483
18.9081936104241
25.5070645334462
59.3072911020909
23.4943084343313
0.618042651631365
18.8796322292458
25.419274502597
59.1484679022061
23.3818486810362
0.610293421722456
18.8484304026281
25.406752917161
59.1694412050726
23.4069473473231
0.603398863236819
18.7904567037166
25.3208222997058
59.0559217018826
23.2451609556512
0.594411920419449
18.747977983779
25.2642689631517
59.0548248453464
23.2637010281293
0.585215474921993
18.6889837834716
25.1640775541042
58.9478091624861
23.1701845497889
0.577220448742614
18.6318592978809
25.172955368168
58.8267924149636
23.1136606731723
0.569312366256807
18.6044563364277
25.0565994422399
58.7197977014073
23.0777098339724
0.561634673791072
18.5623141097974
25.0240605521366
58.6892033293025
22.9751363731775
0.553878199664184
18.5044216070026
24.9717505397156
58.7442805206869
22.8932834506311
0.545259730352213
18.4779702317979
24.914205998605
58.6209239460606
22.8050865551242
0.538499093102928
18.4283973564478
24.7970103921578
58.5014902480953
22.7714378517386
0.531258239946709
18.3754479385117
24.7719950661188
58.45840892305
22.690950871798
0.522933555414934
18.3496273765363
24.6506025248356
58.3395627308667
22.5578164895509
0.515610854533046
18.3136769215102
24.6828054650803
58.2023782075544
22.60644297196
0.507883077641286
18.2498112543346
24.6143521829816
58.2544641798216
22.4090948959478
0.500937134727931
18.2215902955952
24.5517158915139
58.2398481143139
22.4131444909938
0.492208386293068
18.1833614783631
24.5109027835227
58.1753275328656
22.3411428950198
0.483465802350091
18.1206697006767
24.3995475494856
57.9530757054214
22.2866130877811
0.477374078697896
18.0854005185606
24.3618607844056
58.0505290385076
22.2185331727783
0.470699776987058
18.0457644166132
24.3444352232067
57.8612255292413
22.1556756762149
0.462957433475248
18.0023250012164
24.286907951072
57.7018056648035
22.1131117695348
0.454320490762047
17.9713826958982
24.1387461654685
57.8315632869864
22.0262238494799
0.447645092544881
17.9167594270975
24.1104642862481
57.685130887084
21.9591226944915
0.44082600186102
17.8595201952254
24.0814180039024
57.6051894305063
21.9444365832886
0.433077950687623
17.8349977202572
23.9834219427025
57.5715563544556
21.8308986685566
0.426324203510345
17.7847682621263
23.9648865649881
57.5112607974617
21.8535114512811
0.420076195394745
17.7387506641854
23.8938878002316
57.3690774973955
21.7256510665332
0.411041235338351
17.6792243290171
23.8403015621187
57.3773700304023
21.6922380172588
0.404426782857165
17.6856181916357
23.781034594877
57.2685041869602
21.605195757218
0.398338401667098
17.6051167667427
23.6938683058068
57.2573864517638
21.507360808222
0.390326503349023
17.5865390828509
23.6636518261035
57.1661019989059
21.5004585978995
0.385095345338296
17.5102433612319
23.6285519679355
57.0323173135125
21.4379097417418
0.378905994511107
17.4989503290886
23.514757329405
56.8491791546589
21.2895889295983
0.371867400024827
17.4372515762284
23.5190131048282
56.9338882967241
21.2526351220216
0.364602809826803
17.4019068971142
23.4194946557016
56.9269310944863
21.2220008699127
0.359763590063333
17.3354192276248
23.3938497787069
56.6328492602591
21.1955332700644
0.353756417121645
17.3052131762699
23.3164626852003
56.7421919652449
21.1236521030547
0.346490555980046
17.2672210467675
23.2873026108683
56.5533265454791
21.0242034517786
0.3396862354873
17.2192942020252
23.2077381565732
56.7624648900832
20.9627826282398
0.334201198845758
17.1706507224436
23.1244805513606
56.6324653460441
20.8939683346835
0.327630952695269
17.1510502969934
23.0857705159033
56.5107785625389
20.8947313686591
0.322709428721126
17.1054970678913
23.0235273813855
56.4666349179014
20.8066601749296
0.316728704238517
17.0859637443109
22.9644582389005
56.2156381959096
20.6838153181282
0.3101426234495
17.0238916095351
22.8599237682753
56.2117069783483
20.6338292546075
0.302459015441504
16.9779041526783
22.8100408831732
56.1735665504042
20.5951659788016
0.296860062315058
16.9346219466761
22.8009970320893
56.0450568367319
20.5117850125047
0.292540426705084
16.8860157247755
22.7458138558565
55.991381295494
20.4674569175542
0.287512342404844
16.8679452013242
22.6608614827564
56.0073603488497
20.3762391385304
0.280365911574146
16.8019991639478
22.6425845120532
56.0155652181255
20.3517315324766
0.274211045621833
16.7537024652572
22.5893728934796
55.6051441478097
20.247533757913
0.269031082787043
16.7434541261854
22.569298702389
55.7497229739969
20.202583617524
0.264414751339036
16.6697643629354
22.4950554166076
55.8541270429572
20.2194499651534
0.25907096985607
16.6586249733718
22.4056735189235
55.759333661653
20.1335455545426
0.253231101123123
16.5963493416261
22.3096170935606
55.5008895739429
20.086646270591
0.248738174679153
16.5593008177259
22.3338617752983
55.627009435215
19.9333188909459
0.243443696032346
16.5234967258505
22.2280413126325
55.3505183770482
19.8404892802982
0.236713451344557
16.4890270717065
22.1496852342145
55.3940360655576
19.9040099164785
0.231607508976205
16.4289723498364
22.1376089045134
55.167508957736
19.7846727197891
0.226499218426063
16.4106569897845
22.0262768390028
55.2300263648231
19.7492919474844
0.222099846523966
16.3354862358291
22.0333684222415
55.2444356094904
19.6750531638638
0.216548817593158
16.3336555275137
21.8757693811437
55.0591844740813
19.6264398060696
0.212299025626331
16.2616930375411
21.9042044625678
54.996056800952
19.5843660576884
0.20705959462645
16.2256270809969
21.838439957621
54.8341261033005
19.4855874777531
0.201607598099366
16.1840751170364
21.818305096873
54.8504682461678
19.5057543869833
0.197406652952559
16.1467056493621
21.7028634951968
54.7788657391666
19.3715873488187
0.193479441414833
16.097637940957
21.6199695386123
54.7244197929232
19.3123749072303
0.18804418915923
16.0646111158473
21.5799296871327
54.7377095145719
19.2293106576511
0.184082449220495
16.0343910489948
21.5458718385851
54.6057359777771
19.2028651581366
0.179285220250717
15.9718591840674
21.5052806679287
54.6312867892298
19.1497549065533
0.174540769739965
15.9325379280276
21.4726521655626
54.4247403664653
19.0284252872215
0.169847838348705
15.9242989292366
21.375523243569
54.3958349232382
19.1014313319523
0.166156972709857
15.8584556527404
21.3508523505136
54.394393307058
18.9634543742268
0.161064731806974
15.8151397689634
21.2907842461078
54.2555413160121
18.9251003157135
0.156662806275933
15.7852596752506
21.1902782314538
54.2370652702809
18.8650469012927
0.153443508631882
15.7297887455119
21.1177913060864
54.0678310123051
18.8532739545286
0.14864963514696
15.699985367079
21.1074284748826
54.1176660270437
18.691515819537
0.145437374882365
15.6646916495439
21.0424877113275
54.0147473012381
18.6351732065846
0.140974298758441
15.624396259592
21.0274714038347
54.1014465736002
18.5832618748908
0.13703550541951
15.578051173803
20.9492129087266
53.7573495763054
18.5469695244972
0.133894459551872
15.555722145875
20.8920364863134
53.6734102613004
18.5254986810952
0.129116205230883
15.5056119089705
20.7931630862214
53.8626273512367
18.4731330957086
0.125811920458827
15.4538454548444
20.7918105201517
53.7356195141753
18.3608968101544
0.122324365739679
15.4297054694997
20.724407804382
53.4970309619852
18.2732927957852
0.117976790647015
15.3735376923068
20.6711124101157
53.4942038451333
18.2697743136057
0.115460603552212
15.3441024619437
20.6273348897069
53.3833004366255
18.223032555059
0.110817240800152
15.2987040480316
20.5815876710753
53.3686778619783
18.1799093594374
0.107815413005209
15.2563600255294
20.5391839896287
53.3527689421044
18.1336951360538
0.104824297022951
15.2441092211042
20.4815123458311
53.2191782464609
17.9829072631882
0.100251377081798
15.1897949307503
20.4717458646575
53.284762251633
17.9490751287774
0.0971911337110045
15.1703250705855
20.3841209958767
53.1748670299549
17.8784680096766
0.0940790247111273
15.1047688071292
20.2749999279802
53.2025121904893
17.8199772534546
0.0903698031073616
15.0569742155288
20.1718196175498
53.1278967692281
17.8243346127288
0.0883660252837017
15.0224927894713
20.2026449557953
53.040398515515
17.741252402103
0.0854708298620706
14.9749683666144
20.0899032351921
52.9575233704141
17.7090210208935
0.0819257433285322
14.957590230276
20.1081688893753
52.8623270100991
17.536979733665
0.079086397421777
14.9227825702633
20.0796199178063
52.7048275123762
17.6294475446055
0.0764050235178391
14.8761754949671
20.0030521567733
52.7769876130271
17.5906590147397
0.0738844029383301
14.8381465790794
19.9309528419824
52.5313538935145
17.4153278807671
0.0704844576304647
14.7758845487743
19.9133775352598
52.5504128450512
17.4708594702836
0.0672685830648343
14.7527542158319
19.793795906797
52.6506729288509
17.3900337106872
0.0653271506854849
14.7074844138683
19.8253576860274
52.4312319389054
17.3041108350273
0.0621499320214761
14.6733831175703
19.735851055846
52.3639291184306
17.2769711630928
0.0600740597120986
14.6513904804827
19.6237057762825
52.2341840305511
17.1531073573868
0.0574463270943842
14.5968965008314
19.6163777696239
52.202512801138
17.0573606723663
0.0549862209467334
14.5738335662167
19.565523409439
52.0950722259334
17.0451926114297
0.0528369540572768
14.5127237537921
19.5643071545544
52.017508719255
16.9574565586894
0.0506535647964566
14.4858733196308
19.4783684300263
52.0718990753316
16.8721909955174
0.0477321921706076
14.4492187231324
19.3836551444448
51.9887781622692
16.93411240576
0.0452859358118935
14.3999863746569
19.3147241367575
51.8725842509573
16.7730023988262
0.0437919298710845
14.3535667397917
19.2716867375738
51.7902434603487
16.7465203363107
0.0418060547171058
14.3363055312562
19.2519912652626
51.7538664202347
16.7483521976358
0.0398198408594829
14.2755062112489
19.1938196671413
51.559708593865
16.6826692674332
0.0376339450723714
14.2565426248649
19.1342301455296
51.6773864702721
16.5844146362082
0.0355599848534949
14.1993174209394
19.1131283422348
51.5294704482803
16.5166592539716
0.0339825964345623
14.1709666320169
19.0194593938945
51.4059531516351
16.5469077131779
0.0326090368586088
14.1247242613116
18.9937850868846
51.4143168424361
16.4438748920278
0.0307327719338626
14.0876043550093
18.9340689810832
51.2459302256374
16.3661567965594
0.0287930472461798
14.0554823512477
18.8563646575406
51.4687782755572
16.3296876727737
0.0271237695125707
14.0159566309542
18.8264758107253
51.228818549277
16.2622908089841
0.0254520573469272
13.9690476146424
18.7652433909294
51.2123248588248
16.2097055515222
0.0238964313393397
13.9328474932875
18.6886835375955
51.020642394932
16.1625119855537
0.0224982947041486
13.9202276926218
18.6644326532498
51.1464132163416
16.0209732366655
0.0212111638739719
13.8615456764602
18.6247189924445
51.178113709727
16.0641630207201
0.0200424723773298
13.8369408119366
18.5511146486607
51.0558744833886
16.0140073283406
0.0184936971060083
13.8075400978249
18.4892969037158
50.8718434455397
15.9718550584579
0.0172815704350295
13.7516584198481
18.4765855332056
50.8034299898245
15.8652864588782
0.0163705385257469
13.7247043232226
18.4936211254548
50.4603599053433
15.8339782839469
0.0151373566933576
13.6845168760565
18.4119173793673
50.5912309935606
15.807184260647
0.0142872385957435
13.6412967601791
18.2829921128727
50.4163912923098
15.7737230173567
0.0132376603446704
13.6113434815345
18.2417349284433
50.5128360445929
15.6699582034727
0.0122425316847206
13.5717709096442
18.2046740041747
50.3322822236726
15.6176785988901
0.0116417950034653
13.5370519706601
18.1262293616543
50.3880168735502
15.5473315362673
0.0105863075728238
13.4889624516261
18.1104476122062
50.3073438727845
15.5245654798749
0.0100706775481241
13.4476527162193
18.0738599092542
50.2737278657082
15.5115201827353
0.00909015778169963
13.394955299628
18.040590384708
50.0186760793095
15.4373472718797
0.00864803241239987
13.3907398673682
17.9429320713532
50.1785081559684
15.3598557967401
0.00803440762565691
13.3308557281761
17.903676277322
50.021814432376
15.2683605109063
0.00750853187602559
13.3135057118916
17.9026046693358
49.9142606025388
15.274176173071
0.0070679043157207
13.2672081118055
17.7756362369939
49.92702091028
15.1876086581735
0.00667024519304529
13.2089760387242
17.7646583222415
49.9805227734527
15.1684754045509
0.00648857500444723
13.2008704308588
17.7572262141307
49.8362999728068
15.108098596267
0.0060226705554917
13.1560811949095
17.6310980748906
49.7725403066882
15.0424308951713
0.00568986255723022
13.1023872544683
17.6408037145694
49.6463306207632
15.0092079752353
0.00592124766519001
13.1028715598929
17.5600600529216
49.4677833024166
14.8860284378325
0.00552768495502683
13.0518427132544
17.531615564005
49.47953375499
14.9061811237755
0.00553654079608547
12.9828685868595
17.4393200416862
49.5088886365057
14.8576314711256
0.00567673334514118
12.9586604673438
17.5096330553483
49.4080391215584
14.7640315026995
0.00561593435909372
12.9353758582184
17.3634761678286
49.4935566153739
14.775504520827
0.00591277904366186
12.9034335162626
17.3147281564538
49.4117841777764
14.6192434994903
0.00588877324474097
12.8690831687389
17.2492159393467
49.1674968396303
14.5653134222149
0.00607681408025766
12.8196181987435
17.2668854555906
49.1920056484824
14.5058603505932
0.00658521642117567
12.7852350994801
17.1689338228212
49.0615020673286
14.4751488832482
0.00687226617985177
12.7488419756469
17.0964518740485
48.9298474172133
14.5027396076901
0.00739474877312644
12.7058967104685
17.0912814938942
48.9344220858129
14.369525856022
0.00787741484808983
12.6762597119931
16.9784204664507
49.0034246012875
14.4161536350677
0.00853375516469169
12.6400208220402
17.0099768297655
48.8181985478417
14.3383391758098
0.00892943884107004
12.5880724728704
16.9284540119102
48.8358985053307
14.3175799809
0.00967617119413907
12.5655756208735
16.8605313814849
48.840451112627
14.2894798937976
0.0104062151988367
12.5318689437178
16.8297226674668
48.6307831785277
14.1651584989797
0.0109753660245171
12.4823521345295
16.7790156910626
48.5427698638992
14.1327012501324
0.0118855212024356
12.4672408694099
16.7304353059041
48.5996629655356
14.0534079069378
0.0130133561436504
12.4250981175626
16.6656296782475
48.3780112811041
13.983352502647
0.0140151126911719
12.4090015016262
16.6598411306514
48.3846888573111
14.0050522783635
0.0149127409605764
12.3638490390931
16.5725743555301
48.2385945584422
13.9071676043481
0.015547187305362
12.329170904263
16.532257914413
48.3722848323098
13.8262530141505
0.0170868051028474
12.3014726689506
16.5329078456773
48.0281917718325
13.8346888665679
0.0184610340418537
12.2632990789068
16.4467938021738
48.0547966991983
13.7372852403185
0.019261737430075
12.2133874229983
16.4095207995239
47.9695382718389
13.7058114886584
0.0205385633405841
12.1774646133724
16.3541536026109
47.9937840790799
13.6373199692516
0.0218076639410664
12.1310155131178
16.3007406694424
48.0475090658182
13.5916170459151
0.0234046247219492
12.1181093772069
16.2354276024218
48.0060174523243
13.6013215043718
0.0252961921595048
12.093469803676
16.1930373859077
47.873482651561
13.4785540881954
0.0265681931044022
12.0389396089998
16.1770522790685
47.8465921553061
13.4258405975832
0.0277372445987212
11.9951035869226
16.111039887367
47.6660200193634
13.4498543220294
0.0295275951234312
11.9717450394743
16.0293101798616
47.6519748705878
13.3657655495371
0.0314237898081016
11.9361715086601
16.025138395621
47.569759973345
13.3529457196923
0.0331561714663
11.9230626296927
15.9461304502912
47.5390142418158
13.2912408258449
0.0354255925334638
11.8720936950116
15.8813588353753
47.4264750693631
13.108707458725
0.0367824022362847
11.8196462468986
15.8558716000855
47.354636358124
13.1526185463098
0.0393122976719788
11.8258519335958
15.7982713706999
47.3703469443325
13.1374680624719
0.0407958267654309
11.7575965735695
15.7591951038583
47.2735508218697
13.0598942226289
0.0429254722973123
11.7248203735994
15.6801810697635
47.1081926158024
13.0057382280967
0.0455417059650337
11.6848554263423
15.6828099710588
47.2501184133159
12.9592607569626
0.0474246172499262
11.6396571481202
15.6184088274599
46.9373459969982
12.8778868087333
0.0490224014170854
11.6131175867877
15.6004205692009
47.0193433373551
12.9157095707363
0.052672943998874
11.5955164495148
15.5272592012616
46.9186110535801
12.7880868562941
0.054027406969147
11.5609530824946
15.4764205119085
46.7040507860537
12.8031213250181
0.056515512662393
11.5151852627854
15.4806651375642
46.8908245999206
12.7340356343398
0.0589549559574535
11.4768414479683
15.3846792823991
46.5468332701341
12.7293260118419
0.0625242301398397
11.4486619856896
15.3561698019473
46.5308358060602
12.6236829459839
0.0641587607168144
11.4025817745863
15.2767688823334
46.4557779111713
12.5596707154069
0.0665210811398185
11.3798222740093
15.2114342757162
46.580418359322
12.597330040844
0.0693529126893862
11.3570672410807
15.2032655271853
46.525817382242
12.5041898581468
0.0724004169893696
11.3031710599375
15.172015005306
46.437221400897
12.379255327652
0.0751552790625969
11.2807058773946
15.1461366615608
46.4187368536749
12.396952650526
0.078017426475572
11.2475197669798
15.1012884986737
46.28781613694
12.329775572817
0.0813466701648125
11.2049731660583
15.0308174140375
46.2606054293124
12.3055187575225
0.0834695124830611
11.1752884663504
14.9767208155829
46.3717276862533
12.3258767538073
0.0865990336761995
11.1517230413349
14.9554800104667
46.0423175565066
12.2072327579769
0.0900727719126555
11.0991829113749
14.9026780633646
46.1429618003208
12.1715046831553
0.093054351680268
11.0708056787739
14.8129619178494
46.155462121311
12.1575037605314
0.0970834459044643
11.0513774813729
14.8146644368602
46.0248131734521
12.0462712669854
0.0998020412803103
10.9905455634902
14.7381546383966
45.9275581511511
12.01101691814
0.103184577465422
10.9577640273047
14.6490407433747
45.7468795100487
11.9416597816541
0.106789439516198
10.947972382083
14.727031393795
45.7762053854697
11.932381922252
0.109388917049718
10.9010414667596
14.6105027417402
45.5134161187621
11.8511639748519
0.11282286436229
10.883335903442
14.5843935437959
45.6012930675826
11.8093858604812
0.116690336864842
10.8348946534359
14.5062419891586
45.6508489765351
11.7503811828244
0.119956817941035
10.8162268924386
14.4897370629779
45.4699901453717
11.8070530383282
0.124675114578232
10.7666875524945
14.4326405008706
45.2934754345133
11.6631774108634
0.127441113036202
10.7461325737487
14.3915989939571
45.3919914204951
11.6612197088191
0.131288291091816
10.7053500499958
14.3250475551618
45.3500214917873
11.5841854842225
0.13611195216217
10.6670077314589
14.2864429290556
45.4286736890034
11.5692943130995
0.140760155386359
10.631433021147
14.2616285762041
45.2121472787993
11.4946394513365
0.143539884969304
10.5959727140286
14.2177242693547
45.1571449212083
11.4607778562837
0.14785087871918
10.5784228103476
14.1381658792173
45.1151679166203
11.386584270365
0.1519599808195
10.5292298070646
14.0779091839651
44.9851618152405
11.3493409300393
0.156732355179255
10.5124336360375
14.0349513265276
44.9945814094757
11.3660072294315
0.159719185037691
10.481273703027
14.0512369999944
45.0244320818538
11.3466343402943
0.164422113709112
10.447535460184
13.9703309027638
44.9802104396982
11.245610917273
0.168355219871018
10.3984717680379
13.9537992444704
44.9352934740568
11.1967779987208
0.171726133714568
10.3662424255163
13.8594010284156
44.5589670885165
11.1127990682074
0.177115096821737
10.3317089093095
13.8866417815572
44.6669598866874
11.1240323205546
0.181576187147115
10.3204605161855
13.7817739842644
44.6030033855823
11.0190532483361
0.186082953275088
10.2614762186228
13.7422949990531
44.6831148109243
11.0536586820343
0.190564554722436
10.2579908981084
13.6672778736932
44.6322366213347
10.940383100757
0.195559564665149
10.2185178706214
13.6461146505351
44.2921457260555
10.9385982124062
0.201567237703939
10.1729755309408
13.6769438317014
44.373798378523
10.8825033971582
0.205719219873494
10.1514153143518
13.5831705937208
44.3882982223038
10.7982442619021
0.209723437451236
10.13076686379
13.5709101022579
44.1930852658713
10.8139233457181
0.21511731623707
10.0828569825532
13.4670054917291
44.0942441999351
10.7352138061599
0.220698531989129
10.0398907635167
13.484556399339
44.2130412541882
10.7374611108464
0.225187332932005
10.0153168412472
13.4001953108761
44.0299391690866
10.6495562540602
0.231868445809473
9.98532426346643
13.3673935370944
44.0163323662174
10.5660981395269
0.235424921096834
9.95318014006091
13.3457543266114
43.7136687231984
10.5521588203413
0.240537551798438
9.92949297568078
13.2723432141504
43.9691296824837
10.5194398788376
0.244925190440498
9.88937805812008
13.2593494618806
44.0031850396456
10.4789129302513
0.251133782595584
9.8682703700874
13.1803067517627
43.8033045990946
10.4715403640545
0.258376610834946
9.84522705847791
13.1538487119187
43.8641517997411
10.4202839753084
0.261290447829331
9.79208125978145
13.1432425960455
43.5984004221351
10.3127100589609
0.267540921366086
9.74993841256449
13.0357439874282
43.4957598778943
10.32099003791
0.272713195999647
9.71525123060948
13.0339186532552
43.4275445214572
10.2847598389445
0.277782910667666
9.70501213471513
13.0136812599772
43.4329172095051
10.1749064195354
0.28443153270039
9.66729603560949
12.9250625685371
43.2870805898007
10.1873563757892
0.289502372164187
9.62951950087683
12.9068297391954
43.3677067327789
10.103705571838
0.296108852539074
9.61570847170066
12.8686654402517
43.2939634566831
10.1011190678381
0.301497693237888
9.57455551212135
12.7852271914904
43.3735895099416
10.0844252241976
0.308334465469759
9.55538651695809
12.799630733612
43.0135407584651
10.0185404950116
0.313264801971592
9.51670063580653
12.7442294264703
43.0091971362428
9.97734106268483
0.320134824568115
9.46180174520731
12.7497833720654
43.057834598151
9.99070565373353
0.324937438602176
9.43917081976247
12.6677555402938
42.878806840912
9.85126663646749
0.331058232144253
9.42096230914865
12.6488371556553
42.8323483502581
9.83206579937236
0.336774751710595
9.39600697119141
12.5727410453098
42.8034881920368
9.71962780018842
0.345125131715315
9.3379381816219
12.4908450149713
42.8195349696991
9.82853244264615
0.350107078916732
9.34696672525182
12.4799047370808
42.8600208161958
9.72527132688562
0.356980722182833
9.28966235456346
12.4613188590659
42.7512464058455
9.71046132923799
0.362701385690182
9.2493297936853
12.4127797898799
42.4963146170343
9.66956656470653
0.369316264063147
9.23417294660206
12.3425699227429
42.5840444004325
9.61760503832031
0.376189920637663
9.20346723447266
12.2888237628727
42.4837172273877
9.53464796022957
0.382704989471617
9.15583181557247
12.2893705765774
42.4239824196051
9.51309518663461
0.389362036234485
9.15547036690582
12.2427179128803
42.390326084549
9.44338311742931
0.397535529177441
9.10331467006332
12.1702856732564
42.2458447572867
9.40654005989286
0.404001398050662
9.08537576917914
12.1771854713087
42.3002725497612
9.36268724211892
0.411312259847805
9.05767295719939
12.0946440048509
42.2223125280194
9.37719795790782
0.416253405236689
9.00685392768958
12.0682745883253
42.215533622277
9.31517293176339
0.424559376386559
8.98067234298529
11.9969505573437
42.1227211151156
9.2571716790697
0.430784677991268
8.959954660054
12.0178289386646
41.9824280816563
9.20946771825092
0.437736781628526
8.92858689902776
11.9415915703559
41.9409550052035
9.19142289822177
0.445976674850766
8.91969996276977
11.9198130693271
41.904432950184
9.10393257592405
0.453641117126893
8.86829452187581
11.8122281234669
41.7507899106438
9.10311686350198
0.458704231295544
8.84353016798592
11.8363476532896
41.7013332301579
9.06996216172186
0.466467567410079
8.79225703135179
11.7420172405571
41.8438584714775
9.03552045903567
0.471710044398956
8.77653533154526
11.7442324296359
41.624070929904
9.00500428323442
0.480741940229249
8.71790926940876
11.7041708472659
41.7278756511928
9.00438148053959
0.488136025621543
8.72750842624963
11.6821510839506
41.4663242178926
8.93655345073244
0.493717479204113
8.68800433886219
11.6150107461068
41.451337240245
8.86679091131916
0.505254939984764
8.65700590757908
11.5378153857206
41.4290924535961
8.79093074461964
0.513185279226865
8.61744108604073
11.583863626477
41.4967546906992
8.77014977145224
0.521612156610511
8.59069692917459
11.460704022872
41.2750429632862
8.7299181625732
0.525983551514175
8.56232787795598
11.4714044654875
41.1097535712925
8.69768924136975
0.535179832445344
8.52639520314867
11.4238909384647
41.1821260931346
8.66427090863671
0.545553431619277
8.51937553323181
11.4235969963776
41.0842068457281
8.59689590410311
0.54914829803031
8.45714176940065
11.3197938053201
41.1476541201806
8.56025320550948
0.55758427532782
8.44758569451497
11.3035062138644
40.9223605869657
8.5830473874491
0.566569865587963
8.45788631983506
11.2448782362838
41.048976149909
8.50516633886318
0.574921068969876
8.40746802253287
11.1900943954794
40.9169874210238
8.45632747994626
0.584123328722165
8.3658511921135
11.211103321529
40.9991632501936
8.38372181453351
0.592243906444359
8.32739208336638
11.1555963722484
40.7797259578232
8.42111863767257
0.600046591459407
8.31215739818549
11.1134802345703
40.8164429049799
8.36056209492233
0.608155109413381
8.26489169833667
11.0266201618435
40.6907707269476
8.32346559819927
0.614508795013426
8.25478338733239
11.0136630904344
40.5026386129057
8.20132559774001
0.624846786935914
8.21319899139846
10.9458464681707
40.506143108109
8.22361753078816
0.633849358179457
8.19048351232942
10.9379964087242
40.353697844384
8.19854166155379
0.641649938861599
8.15382110006063
10.8946377383147
40.5580905292057
8.15577489660149
0.651203621199674
8.11893396302805
10.8584878625272
40.4464050438308
8.12283105316759
0.660391510735709
8.1103940546814
10.8406623717487
40.3648000413514
8.08028041873354
0.669346499699277
8.03433162879195
10.7679926525943
40.3385291277107
8.037371279628
0.678082925431522
8.04453528279735
10.7595556090042
40.2371283407371
8.0339909170477
0.683499099513695
8.00803922323072
10.6994157618671
40.1333367117149
7.96335196680382
0.695266259605523
7.98678581076864
10.6940630063493
40.1835464808703
7.8823062955709
0.701478387821088
7.94761460529795
10.6705199042285
40.0594225853516
7.92809661753505
0.71213122959232
7.93333030685289
10.601770380317
40.0398125068282
7.83339044510946
0.722124812813241
7.90354235754018
10.5444121413187
39.9576170554916
7.86748415411057
0.731266176260472
7.86705502989762
10.5680311399566
39.7656443807695
7.78642079077045
0.740922204035611
7.83326381255255
10.4981644465051
39.8583243654917
7.72836775204037
0.748984456868861
7.82662703217924
10.3906575707168
39.5959152103927
7.71644228660955
0.75883550263921
7.78563509276197
10.3852925233321
39.7524602238743
7.70747221471134
0.769020916308272
7.74900271001535
10.3973865154346
39.4675503567401
7.62669475762543
0.779683360585075
7.72638058817664
10.3556330373186
39.5881211793574
7.61163686110778
0.787994535053004
7.70919946098857
10.3109000556295
39.720457578631
7.59703667130768
0.798908342135092
7.6759828602487
10.2391855650662
39.5985003769463
7.51306293248522
0.806668337645946
7.64194695595611
10.2276230168142
39.249721166393
7.46756557940713
0.814504369096517
7.61470768195917
10.1528095337619
39.4838556301165
7.4291951848196
0.825746732300565
7.58026607289505
10.1613885977432
39.4415163751016
7.42589476152387
0.836627074796191
7.52944912683408
10.0386482575436
39.341683012783
7.37222402112037
0.847794719850038
7.54295408547482
10.0587140414639
39.1706195376431
7.36442320216925
0.855522961801696
7.48908761222826
10.0212169293236
39.1061352531718
7.32352844968536
0.864760156518705
7.49546536708882
10.0230046303802
39.1717021497392
7.2497558815471
0.874893971656436
7.44727471928567
9.95374722423287
38.9827274490563
7.21067529959592
0.890519552703055
7.43885271249192
9.92084359677126
39.0341777922185
7.2513855453029
0.895117350259286
7.41498159468491
9.91589148842601
38.847117307097
7.1979348698489
0.905621048199549
7.37382413091066
9.80716348566559
38.7897728839019
7.12606963631173
0.916314359324122
7.33775692825962
9.84208268552179
38.7910707493918
7.17539080527209
0.925331623438688
7.30879715975137
9.80333075219331
38.6617216470214
7.07502559546366
0.93831688444669
7.26901182384865
9.68163853413071
38.7552377453397
7.02070799167451
0.947447209774939
7.2588389095731
9.68616681459743
38.4997810397771
7.00012915780038
0.956651875033588
7.21982327061783
9.64960548605441
38.5784558613833
6.97195970391266
0.967195140683999
7.18724413843877
9.64600417780184
38.464061564716
6.95598607213332
0.977411506066119
7.15962107094765
9.60028141878966
38.4196651359673
6.90265095459664
0.99248353262546
7.15494421381468
9.57986693507388
38.4934836662888
6.89131171110151
1.00095031909194
7.11393669882706
9.57219227424715
38.2957666144857
6.80961343707113
1.01347957955564
7.08817293557275
9.46139505930511
38.3702511848124
6.8290273598274
1.02158216838394
7.07761459005724
9.43815434773872
38.2669614739051
6.72294828274036
1.03198323240035
7.03777235857098
9.41155155581261
38.1292271589701
6.64485916015642
1.04080556210919
7.00564990343389
9.35578595163468
38.153882435634
6.71929431386525
1.05477112849554
6.98449582731934
9.36022122065809
38.0062669145581
6.66380846061118
1.06355103555268
6.96889088914279
9.27613388955441
38.0589747205413
6.64981789335489
1.07912435611383
6.94212565586173
9.25426659799002
38.0442290026326
6.61594794358114
1.08993990561343
6.90819408241853
9.25133217359961
38.0320428705981
6.55914130349378
1.10448292796864
6.85734531444525
9.23086457664524
37.8047656983987
6.50572211950096
1.11068960662682
6.84558592120655
9.19905381924116
37.9359261237619
6.48207665501771
1.12482412656274
6.80533992188609
9.13133371028713
37.6580278242493
6.46466631297119
1.13002697694351
6.81030117534309
9.10528234564423
37.7604511583381
6.3753206199776
1.14789711674964
6.77523871328845
9.07412918471801
37.5397708209193
6.36965374495872
1.15860182748602
6.73986874931375
9.00806797709206
37.5913265735996
6.31761593415353
1.1700884551012
6.71413452219969
8.98075523333666
37.5555131707867
6.32860651777155
1.17965442541526
6.70597778357291
8.89994263497663
37.3869422528484
6.29025312003551
1.195119885709
6.66011081490404
8.95924113827328
37.4416561041446
6.28703152157002
1.20658100703143
6.65189827701323
8.81591018343948
37.4682585641658
6.20906498175357
1.21734447282799
6.61539486745228
8.86702186216917
37.3592582650355
6.17434795441009
1.22718913269406
6.59745156594504
8.74715499139953
37.3451656865682
6.14334389611365
1.24011826905989
6.55394868819558
8.78667377585447
37.1850351826047
6.0859794057113
1.25335043162143
6.54104830240113
8.77807216514086
37.0334417053842
6.04425930987781
1.25998038036743
6.51864896414946
8.73319154439404
36.9232665297963
6.06575401272455
1.27454592974441
6.47619361904395
8.65150199655496
37.0476508302335
6.05310121947383
1.29109822688309
6.46158555201878
8.57321971230813
36.8771059046768
6.0026575863168
1.30172198937554
6.43705758251769
8.61861820604044
37.0265566649607
5.91671735361651
1.31489217360673
6.41755794740712
8.52653372410622
36.823855198039
5.94713489597648
1.32438856010024
6.37996811165706
8.5213137168382
36.7989861427149
5.93082801015856
1.33721932420776
6.36857130311941
8.48270912849044
36.7549991135519
5.90124864837367
1.34851774248827
6.34038603759472
8.48608024988357
36.8614800555882
5.83251836895354
1.36091146144706
6.32108096471754
8.4272391750423
36.6990021237064
5.79965889183385
1.37235480707306
6.2787875423753
8.38183347273994
36.5731951661149
5.78290139953208
1.3851767018991
6.24585058279271
8.36348512302101
36.5522099690224
5.76263266652222
1.39972443630115
6.25290814071197
8.31064906255712
36.3928476733434
5.71045875540158
1.41585285491331
6.20257250432193
8.2984498235716
36.3898009715967
5.70336134276516
1.42336371798035
6.2057322203194
8.25184209358832
36.5784916103835
5.61369898724968
1.43722383771978
6.14087000868989
8.18509332888152
36.2064174416401
5.60632994572175
1.45213689909154
6.13730966463603
8.1989528561032
36.4317391301253
5.52807122919772
1.46308921048271
6.08893637027464
8.11057034194067
36.257031642971
5.56862385853148
1.47653402505391
6.08725210988287
8.15220337151163
36.1943585950593
5.54073094917097
1.49048908264343
6.05237748649226
8.10804642454227
36.0865188938739
5.46235564841167
1.50497597821569
6.03014500363604
8.03273392450793
36.0011873991375
5.42892012740109
1.51710442542808
5.99712683121064
8.00988487689054
36.1198174340297
5.43077676354339
1.53016811290174
5.9753764465796
7.97855275202873
35.8781577806075
5.40143809981761
1.54482042529772
5.97010328705986
7.93614746589098
35.8791578309126
5.38326099520252
1.55904344923197
5.93774748221025
7.94363173713338
35.8657055484255
5.37641364428993
1.56755604453036
5.91156965035205
7.89481829499096
35.7303745026173
5.31628937930813
1.58809264822592
5.86929362910544
7.84915556189432
35.714505825854
5.2810179325148
1.60040005522517
5.86064438454282
7.82912288387871
35.728436265021
5.25898938350557
1.61387422255822
5.82698088148326
7.76567612482325
35.5118836879642
5.24249369582185
1.62396588566663
5.80848223187025
7.78712542304269
35.5585602036096
5.18854280522295
1.63979664949147
5.77622519026674
7.72574315981936
35.5418687489046
5.19125904599786
1.65118828296384
5.75121356901979
7.66941031877962
35.4254878143675
5.09091764386592
1.67244058206829
5.73947429376894
7.69128994425354
35.381854342545
5.09168306519034
1.68029027652715
5.69843455708167
7.65474373101856
35.4142237648019
5.08357585171457
1.694923497424
5.68781879688435
7.63284453199806
35.2695294674744
5.01227161771437
1.71328535870534
5.66103032860979
7.58567099210588
35.1944059547483
4.96522401082293
1.7264262461792
5.64341229008944
7.51438884478934
35.2223401049746
4.94678673531374
1.73681244774045
5.63092238317689
7.47341923191194
35.1707599746133
4.93106821787469
1.74820247201233
5.5854044503405
7.49486447073222
35.041273625392
4.93187843107768
1.77104630371393
5.56745752626
7.44210787812816
35.061758380895
4.92976679399018
1.78489691960113
5.52770557969454
7.4358888226001
34.9527546509222
4.85517168336944
1.79569568562529
5.51927429934575
7.38966743135533
34.800901397387
4.83634878448635
1.80830345186474
5.48507812653692
7.36065035459181
34.847735299739
4.82777850950457
1.82476487896955
5.48675020569696
7.32120809555075
34.827656766245
4.81386412608158
1.83425170544552
5.45022576937099
7.26852701738359
34.6813031791263
4.76251861608614
1.85481244568779
5.43289380378757
7.22337571196893
34.6790421963534
4.74326634238484
1.86798815693315
5.40358204367508
7.21587537209577
34.6215683526242
4.77747409298848
1.88238568277635
5.39447381122899
7.20389562189301
34.5706814030764
4.68467784513826
1.89039612496859
5.34657519875495
7.12502458506595
34.5305907132898
4.69355439715636
1.91318976213689
5.3317750598434
7.16503563899507
34.5958882963566
4.58827489527609
1.93120137343249
5.30715402109385
7.07792504320797
34.4182610335758
4.63518989190738
1.94518389230633
5.27524662605177
7.02097675588865
34.4350281760137
4.56551915784337
1.95878209868001
5.26351436529053
7.01367601408123
34.4455689755047
4.54047796719454
1.97102801287828
5.26294271998252
7.02728273421882
34.302487293643
4.50519621838242
1.98522662363161
5.21369815178968
6.95628723461833
34.3585497846385
4.49020949352611
2.00634530564531
5.20396435494318
6.95317197695777
34.1647583948836
4.48487749966545
2.0182150892699
5.18055317774378
6.9565733613185
34.0890018687866
4.42939097680726
2.03464998992004
5.15125627103897
6.88305548064049
33.9706656416836
4.41330090948099
2.04903627289248
5.12530543025373
6.83462813190608
33.9846869543663
4.36854716360884
