0
0
0
0
0
15.7122866990966
53.9056978284062
73.5071275263422
108.568999796436
79.196467608873
15.6691547263876
53.8275416948972
73.399634174563
108.463756163732
79.0732904310144
15.626056265186
53.7494354103774
73.2927108480134
108.358606509269
78.9500973434982
15.5830398561999
53.6715195977609
73.1853357082676
108.255845421163
78.8276585361656
15.5400527648719
53.593442973547
73.0791941582584
108.15034248398
78.7053974895579
15.4971702119406
53.5155443680568
72.9716206547196
108.048049817421
78.5810521554685
15.4543130652526
53.4374111184679
72.866040117964
107.941895672326
78.4590698933535
15.411574050689
53.3592549686296
72.7579100482021
107.839974706349
78.3366468168287
15.3688063685718
53.2818878478113
72.6514932768156
107.733604887329
78.2156296898851
15.3261222712569
53.2040109573302
72.5445804404701
107.63004675738
78.095112128719
15.2835320281701
53.1263448936142
72.4379005036238
107.523698428705
77.9722083093875
15.2410218198574
53.0488482254073
72.3336507975378
107.419415442398
77.8483705976838
15.1985848856831
52.9714134572099
72.2255078324528
107.31773708413
77.7261450344202
15.1561416404726
52.8937724210768
72.1189902610233
107.212594933338
77.6042047041222
15.1140905862143
52.8164986259096
72.011669627565
107.106091993805
77.4797498159172
15.0716072295266
52.7389427074955
71.906426593383
107.005485218553
77.3637361416903
15.0291354191726
52.6615871182397
71.8021398648456
106.901676148549
77.2399726975507
14.9867993990982
52.5852843085509
71.6948904424895
106.797097696774
77.1156866417133
14.945099985242
52.5069369707808
71.5913392012763
106.692658025285
76.9927685799805
14.9027454043073
52.4303429673558
71.4852517962564
106.586362908794
76.8721815609915
14.8605844053123
52.3532761174951
71.379691161682
106.486381414437
76.7490011285713
14.8184968709711
52.2762480343805
71.2707763083613
106.377028615524
76.632465239124
14.7767468802982
52.1993434360091
71.1667137481357
106.285546591355
76.515144288714
14.7352027076182
52.122610685671
71.0586747299279
106.185639240298
76.3941400799068
14.6934387321134
52.0449735769268
70.954026411103
106.072104958849
76.2714859537349
14.6516842889436
51.96846020081
70.8509717914936
105.973091069272
76.1425644797167
14.6097579015679
51.8911379126947
70.7448796708048
105.870535370284
76.0273807524086
14.5685311895305
51.8153481446668
70.6401394571009
105.758975609736
75.9068549581356
14.5269527426982
51.7387683429058
70.536690254965
105.664455605644
75.7872976862218
14.4854348787207
51.6632887912531
70.4327896807857
105.552017508424
75.6612715980706
14.4437633766395
51.5856248977772
70.3254855481609
105.452047931395
75.5422498162487
14.4026814365806
51.5080723334217
70.2254693353636
105.351748980903
75.4253003644308
14.3616550159428
51.4329929862285
70.1179457662746
105.247845541843
75.304847866258
14.3198594076602
51.3562681785236
70.0099094317224
105.139520107257
75.1889870248344
14.2788846240307
51.2797807485642
69.9050951386237
105.03284631333
75.0621156178501
14.2378119567495
51.2039572039932
69.8019802374799
104.936660173144
74.9480378548737
14.1969077563415
51.1258085499261
69.7005998652876
104.843295909878
74.8292875689788
14.1551879037712
51.0504008484219
69.5886674957956
104.736519103413
74.7018999188924
14.1148024404971
50.9748108160377
69.4946053706419
104.638386829271
74.5820880203945
14.0731850197486
50.8972728179542
69.3835258685598
104.532161490354
74.4661338695341
14.0332868460565
50.8244942080193
69.2774593047781
104.416735811029
74.3502039627009
13.9921095853106
50.7466481416706
69.1733096163971
104.309622266041
74.2219006855984
13.9515399833094
50.6723415318988
69.0706782082335
104.214006455178
74.1137552918011
13.9110741182242
50.5961570379646
68.9689950011429
104.115132702629
73.9897968462327
13.8702110510224
50.5201106837971
68.8687035609609
104.017428899963
73.8725716367828
13.8291216959295
50.4437713730769
68.7622444747995
103.895848110949
73.7496846335072
13.7890685886164
50.3687802536027
68.6610833950191
103.804042698137
73.6476044273675
13.7486217660961
50.2932570045521
68.5581251768502
103.694273831433
73.5079213723856
13.7082748366831
50.2156458186043
68.4493518063195
103.592973603919
73.3944623336208
13.6686850122364
50.1432773818633
68.3475039042831
103.500436074109
73.2840028918078
13.6282539814842
50.0684724157361
68.2418434583237
103.395285325484
73.1569767028141
13.5874879894149
49.9918930297491
68.1429928742043
103.306805616896
73.046172805432
13.5471034188335
49.9161128927579
68.0388931599411
103.188673500627
72.9228100972442
13.5072311365687
49.8420297847654
67.9392473228782
103.091411581697
72.8136041810202
13.4671887112257
49.765681671273
67.8436461915492
102.980815418731
72.6963046828207
13.4267885114008
49.6913044895446
67.7388077216909
102.886751911475
72.558465332333
13.3874453989268
49.6155918673299
67.6234219114547
102.79381116992
72.4670996817785
13.3474950201636
49.5409887545722
67.5208485764433
102.686609080282
72.3296383067063
13.308099430315
49.466880417056
67.423826733227
102.587801939546
72.2206471674868
13.2681496748175
49.3909869411662
67.3203225045165
102.474878653601
72.1030430223168
13.22963922958
49.3159241973436
67.2226737788906
102.384963661385
71.9752163950869
13.1892110573842
49.2421420801039
67.1134734440282
102.288951732333
71.85710441794
13.1500352546307
49.1678885277065
67.0050921025159
102.179711550431
71.7393319636191
13.1101708488048
49.0894237201409
66.9115424529357
102.088225454109
71.6248389995225
13.0701486074703
49.0175976150546
66.7942525733805
101.974934248316
71.5161217436941
13.0308449225438
48.9436880663408
66.6988162953199
101.873198697588
71.395496207692
12.9920828101191
48.8668732489699
66.5940061584269
101.77630240456
71.2733380604666
12.9529679284368
48.7938500956488
66.4894666549198
101.671912949775
71.1703183893111
12.9143061930424
48.7200408927301
66.3970056541981
101.573970333573
71.0498460933069
12.8738783379767
48.6427605289801
66.2845983141657
101.493428131688
70.9312633493983
12.835285618163
48.571704368347
66.1962380583228
101.356830461232
70.8233655920467
12.7972248608146
48.4950892805133
66.0929063134202
101.247043398322
70.7017445499262
12.7576236082389
48.4225583356464
65.9904520569443
101.172996159478
70.5805908878227
12.7187070506915
48.3472614715122
65.899363442792
101.068870824363
70.4645619945213
12.680013761187
48.2730362094783
65.7943846926402
100.968283364436
70.337954275286
12.641861146652
48.2006577411108
65.6819631743972
100.869740791166
70.2391187633417
12.601805262313
48.1260986430672
65.5829185046489
100.759179861351
70.1210787393267
12.5645613426953
48.0521220040149
65.4793445499562
100.652599195237
69.9943704937821
12.5259944657408
47.9807193944632
65.3858718471176
100.576228461592
69.8730299616803
12.4873733708357
47.9011315448644
65.2840541497252
100.473827934735
69.7558333908138
12.4475830033433
47.8330816243345
65.1823308455254
100.386985580443
69.6629758194542
12.4106081009493
47.7587343554375
65.0723954797545
100.249440027998
69.5478875929555
12.3725443963212
47.6816659103642
64.9789699460775
100.167804171369
69.4296496234922
12.3343043610799
47.6144673853225
64.8757345537846
100.068133424325
69.3054325889233
12.2949307818531
47.5340740332782
64.7797564414116
99.9741081538706
69.1911605657287
12.2571446673413
47.4662587214635
64.6700267078225
99.8622169825813
69.0758326148651
12.2186143373199
47.3924832271536
64.5736225528132
99.7486026399616
68.9706897615998
12.1812138170529
47.3167669158276
64.4697869479164
99.6613360539594
68.8425235287793
12.1430494320974
47.2454292458665
64.3826336336462
99.5481334130307
68.7238358088494
12.1058180057317
47.1711375348159
64.2804737291695
99.4737427505764
68.6206820931067
12.0661412483034
47.0961611183813
64.1786506987562
99.3734340562493
68.5076115764808
12.0288865946439
47.02472078413
64.0620049860639
99.2554416121978
68.3733299186051
11.991024774472
46.9520603702959
63.973893288247
99.1758329950874
68.2587454847587
11.9543867453595
46.877874426549
63.8792778410188
99.0708518015417
68.1518401651061
11.9167140303275
46.8052905945105
63.7712962190473
98.9460583576169
68.0510261871954
11.8791454241644
46.7320649321708
63.6731339470686
98.8414202609355
67.9400451782395
11.840876622875
46.6645682423053
63.5687266932046
98.777002105011
67.8341156637986
11.8040715675377
46.5893108877302
63.477890324307
98.6585889483768
67.6987751670653
11.76550769537
46.5147307361304
63.384413706109
98.559367744094
67.5757002878127
11.7282096560593
46.4423978498689
63.275860477959
98.4910542845596
67.4672837846106
11.6918484161837
46.3731232041221
63.1747932585768
98.3503218835324
67.3750782861886
11.6551883460139
46.2953191478594
63.0753659417449
98.2738707215164
67.245095821206
11.6172778790644
46.2215123972043
62.9851967149804
98.1720958456596
67.1472050882575
11.5807975936292
46.1547800556935
62.8824518517794
98.0608033824662
67.0494201735295
11.5436159493656
46.0760881541204
62.7787796259388
97.9815992927492
66.9132707835847
11.5067788557986
46.0100095148795
62.6737766213912
97.8776255411967
66.786186771617
11.4696140039833
45.9382517756041
62.5908387739809
97.7832217884406
66.6999958675576
11.4322638688585
45.8598350577397
62.4798684808037
97.6887740038762
66.575028519985
11.3965126966732
45.7884871807191
62.3875537069961
97.5512774141166
66.4700833136218
11.3585928952121
45.7171501321302
62.2910503775585
97.4763558219848
66.3585612152737
11.3230249426441
45.6445584602579
62.1794534159015
97.4023589895013
66.2189642466058
11.2862494836126
45.5755383663267
62.0852076385396
97.2612898914043
66.1300181867758
11.2485675334492
45.5010375365256
61.9976528565516
97.1804947612515
66.0005479615057
11.2139656669805
45.4281996511469
61.8903256243553
97.054772922308
65.8860003688418
11.177011612702
45.3627742285947
61.8052810741119
96.9725168704285
65.7780765620027
11.1387299246517
45.2887387575178
61.6936958180886
96.9136839692299
65.651028843213
11.1036978380307
45.2166304504255
61.5906843259591
96.768259215174
65.5536000948841
11.0662730974596
45.1444063189456
61.4879669753744
96.6610475643087
65.4552929176369
11.0311205806033
45.0746465368833
61.4050397260064
96.5923557024095
65.3296948232525
10.9952355747124
45.0005660164851
61.3121877309041
96.4827720588676
65.2184018406277
10.9591745158168
44.931786164339
61.2156234983995
96.391983127226
65.1216303283969
10.9222332614771
44.8616616916126
61.0855647260217
96.2771116924019
64.9935703517006
10.8867168834313
44.7863265472397
61.0166559664678
96.2056557629595
64.8752059604266
10.8499136673148
44.7205573007846
60.9273686096553
96.0995290826009
64.786299826782
10.8158607511108
44.6485188314119
60.8142501839835
96.0178500892094
64.6800878965811
10.7786647164608
44.5752675094046
60.7273145561396
95.8757309864092
64.5506194644787
10.7430666283395
44.5008974141307
60.6283868955678
95.7946047894868
64.446079141337
10.708074688612
44.4308638674237
60.5235985270698
95.7418477512845
64.334593277822
10.6738989567137
44.3587449106289
60.431517170086
95.5821279996249
64.2356098729853
10.6374985327559
44.2918281061743
60.3169420838112
95.4900514349325
64.105973079561
10.6002948794527
44.220308017544
60.2393465680699
95.4012479039414
64.0099389472346
10.5661154332206
44.1504582078388
60.1245070663815
95.3252645116995
63.8871706176948
10.5305884151501
44.077044470333
60.0394322007912
95.2277858179809
63.7626799165687
10.4944045186293
44.0066629763755
59.9174779045226
95.0971464310733
63.664847646512
10.4592597650453
43.9368870563344
59.8523479457384
95.0439963625525
63.5731753442036
10.4264037489197
43.8658772317295
59.7542381162855
94.9263588947868
63.4804315688424
10.3879463410352
43.8001959039756
59.6493359566164
94.814359239634
63.3502014772443
10.3542413834464
43.7214071046637
59.5461475170653
94.7299448581252
63.2516041979982
10.3185157399303
43.6582777047277
59.4633571495118
94.6227849197312
63.135041278401
10.2854014054615
43.5869338919065
59.365596723342
94.5673573081522
63.0450309148258
10.2497260898387
43.512699180732
59.2695722073651
94.4123933207757
62.921621364863
10.215438102202
43.4485549592749
59.183056551634
94.3330665954382
62.8019996186868
10.1829147344474
43.3715974299596
59.0696547329692
94.2550446502928
62.6634757946562
10.1463693993901
43.3043180859552
58.9794818013327
94.1211643628052
62.5795267262149
10.1096370519095
43.2329122578177
58.8809412910229
94.0339035058034
62.482314504787
10.0771438203644
43.1606950972014
58.7899064030059
93.9519962347312
62.3493460495158
10.0433979455246
43.0964643311296
58.6832568167014
93.8413575198664
62.2212945436147
10.0069375497411
43.0238999901265
58.5887091486287
93.7130708249903
62.1167400380434
9.97420586917909
42.954052978838
58.4821500076097
93.6563729912772
62.0491398000408
9.93899213358027
42.8871575227291
58.4078627714305
93.5621894192727
61.8989700311402
9.90408110385107
42.8146178219296
58.3102108603563
93.422392364392
61.7665687573106
9.86976673201443
42.7463159262898
58.2191682379414
93.3110387814548
61.6803940499444
9.83442937198242
42.6775657576312
58.0983235610812
93.2737212885671
61.590230169394
9.80197454694799
42.6067095422805
58.0339499177272
93.1559193848852
61.4957571067908
9.76726724064845
42.5346795832691
57.9238606205872
93.0777193672649
61.3599220259835
9.7321100358136
42.4714579865958
57.8196588232922
92.9406678834564
61.2542199816419
9.70126707367717
42.3935325865172
57.7462095864432
92.8488984858187
61.1641824197328
9.66390218305675
42.3250258644773
57.6578555739531
92.8071624276226
61.0354090792749
9.631530174605
42.2554195959005
57.542025780739
92.722210963559
60.9371315815944
9.59900717630634
42.1893454425461
57.4344748170831
92.575808012669
60.8227437574446
9.56424102239238
42.1229360739609
57.3676186418435
92.5154512269153
60.7488917163574
9.53027082178678
42.0581469108826
57.2602892261573
92.4178777617998
60.6440604244761
9.49615982893821
41.9860664104932
57.1669209897338
92.3127650019984
60.5168827302199
9.46384020899319
41.9160578570028
57.0473558737188
92.2172326238731
60.3956169335016
9.43304196406993
41.8420985856952
56.9850056904317
92.1139912963901
60.2785292111743
9.39726553362244
41.7745374029919
56.9012609993254
91.999478398163
60.1784791305436
9.36235076863661
41.7121835208689
56.7777538526076
91.9445912585973
60.0960975040535
9.3296018465997
41.6390824948462
56.7022269793296
91.782931390325
59.9589877927421
9.29702738279454
41.5714036346898
56.5901161028543
91.7362342337598
59.8411513036862
9.26382485555796
41.5006852545562
56.5234480882854
91.6194648735353
59.7177299961357
9.23130727952254
41.4313256378722
56.4220668621272
91.5326584002947
59.6545075498747
9.19598693049435
41.3622678857571
56.336088613429
91.3978043480593
59.5218766139785
9.1642526720932
41.2960099498061
56.2164824568911
91.3532081822892
59.4432490093434
9.13080230275121
41.2300231312175
56.1367101326677
91.2641983635323
59.3233909800435
9.09636948369834
41.1523771191893
56.0416165559407
91.1102428006197
59.2550729024664
9.06556221923627
41.1022508466844
55.9281611531864
91.0057186228435
59.1487498011749
9.03470751304826
41.0222116758491
55.8464676922336
90.9590423927075
59.0091330520589
9.00030540901619
40.9496692619863
55.7497325364885
90.832810450086
58.9372071140595
8.96666745876934
40.8886977664917
55.6625237774869
90.796011089943
58.8078605260361
8.93567770753832
40.8158371413462
55.6006623452727
90.6571825979173
58.7013723787597
8.90338460003345
40.7415210425025
55.4780411361842
90.5808092306048
58.5800529138203
8.86933930479464
40.6851177244482
55.3814368583955
90.4993794165112
58.4700382694228
8.83967903686433
40.6181635347652
55.2935610079056
90.4203774666895
58.3769413060091
8.80483890240791
40.5414647120041
55.2079819088048
90.2846511441836
58.2988479872268
8.77368938637933
40.4715909249382
55.1075675611227
90.1623632930896
58.1525160528956
8.74073558469217
40.4145129009069
55.0087677205126
90.0970449467257
58.0518303173938
8.70865045507185
40.3424107456155
54.9197707341344
90.0220594988111
57.9870233519922
8.67799959199385
40.2784617934024
54.8037698291019
89.9597579663851
57.8990855504721
8.64309862888966
40.2017525443031
54.7334217050521
89.8776391294993
57.7602899951932
8.61320890759479
40.1443537383161
54.6767993254572
89.7473204654507
57.6212820470605
8.58058481831184
40.0849660622436
54.5398222227382
89.6194534673514
57.5337107791408
8.54998012127112
40.0104767078033
54.4747757753862
89.4954928948198
57.4323249119201
8.51873271591818
39.9481576599347
54.3670714498555
89.3740420531725
57.3545607947854
8.48711246514325
39.8743495056114
54.2763882801868
89.298392193656
57.2416230750058
8.45250095561887
39.7985012492881
54.1822549643552
89.2396149632593
57.1032645710217
8.42299654857125
39.7343616099294
54.090310053202
89.1698990884515
57.0170562706875
8.39168487483239
39.6732412379998
54.0091303287126
89.0631508696861
56.9407967102165
8.36098867349222
39.604876447479
53.9175708333722
88.926611405814
56.7888455864831
8.32791999955718
39.5381164456725
53.8400376597819
88.8369801555742
56.7214576673636
8.29583664429405
39.4656644714734
53.7258583770683
88.7491250100748
56.6012526535965
8.26424703189669
39.4036017831224
53.6347006192019
88.6758506863751
56.4618809520027
8.23229150373793
39.3310944240326
53.5611764934218
88.5702052199739
56.3489584636009
8.20313896549664
39.2681587897197
53.4485079003636
88.5079657337512
56.2791210538139
8.17060687297242
39.1971933873875
53.3616123842069
88.4233978364047
56.1990673523083
8.1391137641942
39.1314601982929
53.2750276536684
88.3145138285612
56.0824632157588
8.10919902521903
39.0653820499732
53.1789630018146
88.2303842876913
55.9620406514182
8.07770135414404
38.9945330533075
53.0675360484862
88.1477484454412
55.8882844798142
8.04704453393188
38.9343805454158
53.0062759824663
87.9849029577087
55.7677874508362
8.01824872648734
38.8649316318091
52.9051955817086
87.909947116022
55.6380449069682
7.98625585716487
38.801618924327
52.8127359396827
87.8160603403775
55.5844486914183
7.95521898914488
38.7382482018565
52.7272107228734
87.7504110607981
55.4492786635942
7.92321342552722
38.6617912623115
52.622875038485
87.6451288575611
55.3773789283824
7.89311123596154
38.6024018773534
52.5313488635315
87.5813532855878
55.2393180927007
7.8637398720584
38.5405487480373
52.4406539384352
87.4706321445601
55.2106744272454
7.83189307366731
38.4706487622665
52.3550933405454
87.3130078237744
55.0826750745638
7.8017187643971
38.4002355957736
52.2534585743537
87.2719035815733
54.9458054898441
7.76917533379845
38.3428069256521
52.1810385637476
87.224708557284
54.8713518690736
7.74119206304289
38.271504756561
52.102415089697
87.0722777452286
54.7310281024397
7.71141486954844
38.2010529681433
51.9803370090434
86.9618007716341
54.6368874262057
7.68111942124136
38.1440446652151
51.9084793852665
86.890577313323
54.5417944936857
7.6495734444875
38.0777422643294
51.7964942618736
86.8082212028771
54.4529767726578
7.61991127827039
38.0106973409445
51.7519466661302
86.6899067457931
54.3445746378317
7.58731740756443
37.942521459386
51.6202668567383
86.6300020817802
54.2178176309359
7.56323990246819
37.881210873976
51.5574662403113
86.526858743136
54.0834377005165
7.52984004505125
37.813970226548
51.4748930456434
86.4590606243616
54.0336576351144
7.50100848804176
37.7494401437268
51.3990510319271
86.3075885281547
53.9176421082556
7.47041214326166
37.6815122380008
51.2839041459379
86.2394733159453
53.8082794536055
7.44184384188717
37.6195391346426
51.195532057146
86.160716636799
53.7050176637636
7.41108366841634
37.5514975376268
51.0980474923349
86.097907230661
53.6256050985306
7.3792909245686
37.4817090701449
51.0095673383419
85.9409668649598
53.5345021424508
7.35426209999129
37.4281801044281
50.9503664662517
85.8395154638075
53.4627965665483
7.32184521106809
37.358674452466
50.8433425526859
85.7516590567233
53.3141593641839
7.29528728792385
37.2933404952107
50.7429199389166
85.6758367362839
53.1729946316521
7.26463973858572
37.2274731552609
50.6898638700552
85.5763614709411
53.0877936101567
7.23710450114248
37.1640605170407
50.5778021001285
85.4755336968728
53.0313683533378
7.20609501176002
37.0969251687253
50.5003485435158
85.416515549257
52.9327946019023
7.17661775298449
37.0364190432254
50.3967200005062
85.2990081272201
52.8247275445467
7.14676090157263
36.9742072092843
50.3167350352963
85.2294449966024
52.6920541595923
7.118090105613
36.9014600059959
50.1882758560838
85.1471974613554
52.6220231200291
7.08890111497459
36.8314994966529
50.1378597984482
85.0319566743101
52.5055686462151
7.05908245914029
36.7726767231527
50.0388937963737
84.9832294276333
52.4384891337214
7.02939570046579
36.7143069173974
49.9416093410038
84.8397806017967
52.3440690211416
7.00334667646666
36.6392992175903
49.8577241722938
84.7098767964095
52.2551657520976
6.97344333799734
36.5775034026138
49.7842518448476
84.6110004694901
52.1289392032388
6.94586637219293
36.5147214476911
49.6821906350653
84.5440286202034
52.0372255533862
6.91473815053151
36.4444594147124
49.5981618932908
84.4276700709598
51.9052179274152
6.88710282535906
36.3971210046632
49.4952518073536
84.3896087626818
51.8071828729395
6.86073164340373
36.3325634044938
49.4359690544588
84.4029730949465
51.7167169275856
6.83013972273293
36.2563250469069
49.3200357866855
84.1851188529968
51.6021865304197
6.8011626177033
36.1946514420133
49.2245684953674
84.0993304063459
51.5774221708658
6.77407717426816
36.1274039217516
49.149473763518
84.0218775056019
51.4626190765242
6.7450032776095
36.0700834823536
49.0831074712539
83.9425478197302
51.3523595236475
6.71788957104735
36.0029298054555
48.9691317205011
83.8332370759495
51.1998871160264
6.69039443546417
35.9401756575727
48.9072964626881
83.719242181924
51.136179277387
6.66007538233393
35.8885275494689
48.8046732164331
83.6862792350818
51.0368419722337
6.63293356708038
35.8242109401069
48.7122410727381
83.6682644361331
50.8987252984293
6.60600447530794
35.7416652843583
48.6222808206783
83.5011690922515
50.8556153363835
6.57832523155469
35.6750602274869
48.5394591698163
83.4284610321989
50.7862283473532
6.54895254196815
35.6176051918102
48.4338355641147
83.2805801809417
50.646773342152
6.52095467750269
35.5634411074741
48.401585811729
83.2530158162747
50.5358334508198
6.49022163776359
35.4835888536068
48.2786012505515
83.1587670812831
50.4607624260452
6.46520212889349
35.4240509820472
48.1887305109409
83.0115931197737
50.3145530541117
6.43653962526896
35.3775936782602
48.1208060228273
82.9188453685409
50.2034397089148
6.41039355733614
35.3014800184803
48.0339179661388
82.9050924002898
50.1418171195793
6.38354430168347
35.2487421959526
47.9324525944619
82.8017001661338
50.0062291185529
6.35568271345222
35.1693080327738
47.8551619679618
82.6302193187632
49.9718243035121
6.32550542226951
35.1273961113208
47.7545506081849
82.5769484191558
49.8310132617897
6.29954433678825
35.0415525294139
47.6716906319886
82.5190574842692
49.7645681400303
6.27305718733856
35.0004223400738
47.5907515846408
82.3786095102466
49.6436719814198
6.2465499944675
34.9286993698797
47.4892367611995
82.3096730149323
49.5467242280672
6.21469373002745
34.8591266800945
47.4095103759821
82.1974580645156
49.4708872030705
6.19028066749179
34.8030940005841
47.3515942176369
82.1107423524462
49.4291396703861
6.16674907462581
34.7454577582706
47.2477592910461
81.9562780919187
49.2295606205888
6.13841391317246
34.6726091702307
47.1768452504633
81.9327436121919
49.1816030446484
6.1108917363975
34.6109069321893
47.0571852346879
81.8569444746711
49.039993949261
6.08341488350769
34.5396949894703
47.0022317964321
81.7347461465997
48.9514239829067
6.05767305883583
34.4898238463125
46.8984833378363
81.6744749950881
48.9206777224512
6.02949205093385
34.4228368675786
46.8171765168041
81.629077311063
48.7543447343968
6.00249103714996
34.3670853878447
46.7666190984844
81.5400946176265
48.6409332359843
5.97683640167106
34.2902830020828
46.6445906043679
81.3600049958621
48.6003040682403
5.9523687674826
34.2334385780802
46.5349640822106
81.3320597730941
48.5193852575173
5.91954063775277
34.1671336129183
46.4891087984083
81.1933283631743
48.4319691075929
5.89709296945853
34.1061195809824
46.4179314308006
81.1004514600199
48.3293503949524
5.87409217874482
34.0562810779042
46.3179117394105
80.9963289797067
48.2542443792042
5.84436772412432
33.9860112602399
46.234130506859
81.0124000574399
48.0766968234221
5.81977418004516
33.926226100546
46.1415695674327
80.8154085906815
48.0169225498871
5.79345209642959
33.8617125503726
46.0571622194999
80.756690421919
47.937105759337
5.76718476365314
33.8049082401504
45.978460900814
80.661725395794
47.8426075182356
5.74021768610657
33.7432878377561
45.8973944059606
80.5482523691931
47.735043122764
5.71638316762411
33.6761198045573
45.8029804446187
80.6057657270559
47.6517933803824
5.68982176234919
33.6110039551852
45.7276235498588
80.3698440108903
47.5270679978468
5.66205337354891
33.5499193072453
45.6182343948943
80.3280506603195
47.4554252183255
5.63732694292313
33.485824790301
45.5508117659786
80.2500605448543
47.3696869193286
5.61008792597359
33.439204371653
45.465999189717
80.1571318344041
47.2282370865962
5.58412137026067
33.3746503054494
45.3736078836983
80.0082886145651
47.1558913888783
5.5585903343909
33.3132173552744
45.3094908510778
80.0015879465508
47.1439584694861
5.53326999707015
33.2476949913755
45.1833255106896
79.8247010602148
46.9887355220864
5.50524970684476
33.1857219223984
45.1033714900166
79.7664955176242
46.8426524606412
5.48340306513605
33.1224133938512
45.0122155844066
79.6666696360598
46.7444648366884
5.45420021841368
33.0666397384273
44.9905838706258
79.6537098841199
46.7158514005684
5.43138719404275
32.9964927314325
44.8986388388054
79.5679975950415
46.5690526787951
5.40417691332597
32.9354815653933
44.8054991254398
79.3427684234356
46.5033648143562
5.38208678624673
32.8737756756499
44.7152128126169
79.3327729155016
46.4391029807774
5.35660750641877
32.8285604488611
44.673493250759
79.2384745201898
46.2991397996092
5.32973601351959
32.7554375347529
44.5520042972251
79.173072311463
46.2546698007739
5.30506177860766
32.6972742801846
44.4507685198394
79.0913790314048
46.1264746357538
5.28075308795844
32.6362095774674
44.3669039480665
78.9933487001729
45.9707619259903
5.25487817836444
32.5753794038546
44.3323003143048
78.9514633262055
45.9388672234091
5.22937310081942
32.5182195177565
44.2298552795233
78.7705698223631
45.8643939063066
5.2046125872128
32.4583117756902
44.1220450365131
78.7432414000362
45.7821703590387
5.17910823931022
32.381675392556
44.012270005912
78.6057908758103
45.6829261552265
5.1545223148294
32.3250832457111
43.9538327317967
78.5430339855732
45.5492272380382
5.13062308258417
32.2801172720216
43.8893583846234
78.388331804184
45.4663715861173
5.10580795851452
32.2149127729537
43.8113832859158
78.3607670151757
45.3674568955524
5.08088360125008
32.1451395707848
43.7051813824269
78.2751348927525
45.2789236277637
5.0573134721798
32.0901247413402
43.6400638366533
78.1859922293968
45.2048605910592
5.03060288155306
32.030564707879
43.5364592060915
77.9907561364671
45.1530370350752
5.00618922308059
31.9767577868067
43.4917394352004
78.0184361544413
45.0488268689167
4.98455300590063
31.9098263469646
43.4048605937298
77.9249470973414
44.9344030064377
4.96219161582816
31.8589993316668
43.2852414660751
77.7437816994917
44.7747274708673
4.93697880754833
31.7841726486369
43.2044830236561
77.7129805778079
44.7583258964352
4.90928703548957
31.7265075404143
43.0973207955169
77.6562427838833
44.6178180311018
4.88783241268428
31.6622783646631
43.0510777103369
77.5892281873067
44.5403749284076
4.86448667174398
31.6100247906159
42.9763109049468
77.4906460909948
44.4413782219872
4.83837657893962
31.5460758314631
42.910067160818
77.3578707419122
44.3774391930778
4.81473128279643
31.4877104964498
42.8246086305226
77.269476828011
44.2624723531043
4.79171643413225
31.4351678525594
42.7355256012639
77.2130019951262
44.2143428026118
4.76576095030185
31.3690562755745
42.6348996932007
77.0937478641252
44.0765247506129
4.7433499257979
31.3122581200433
42.5587266613096
77.0226167005393
44.0117262656185
4.72030458328511
31.2587852153368
42.5262699394567
76.9871385188025
43.9102611009873
4.69799813362715
31.1875785116367
42.4205658464629
76.8617340753781
43.8491130538579
4.67361175343345
31.123455984655
42.3272196467559
76.6930289122843
43.7500740516498
4.65159653064042
31.0683017672912
42.2284128371341
76.7533786613815
43.5894205330242
4.62662269119507
31.0055157854374
42.1607776565668
76.6390386659107
43.5929369322251
4.6011154636231
30.9521193132577
42.0724262720319
76.4887011907114
43.4380157063222
4.57796311942659
30.8863892422426
42.0221258687094
76.5366605631697
43.3913621965095
4.55692285390098
30.8401566718322
41.9102915900207
76.3116665701895
43.2964220619055
4.5331079439152
30.7794207543512
41.8200125248144
76.2190426208302
43.2116066403499
4.50755393430422
30.7154588447526
41.7387423680366
76.1771952499753
43.1259742824301
4.4853481471288
30.6653767178151
41.6473533450685
76.0692191998843
42.9636009665762
4.46528435030327
30.5958815089804
41.5561377043578
76.0452112571875
42.8756773644462
4.43936824741328
30.5400245807595
41.5339500724116
75.9061987276851
42.8113715454681
4.41812485055536
30.4831917627185
41.4749497713051
75.8447744674301
42.6952672711057
4.3939121855022
30.4407610864776
41.3564552291821
75.6793745658772
42.6370241414313
4.37303101182966
30.3636542692666
41.2687153350727
75.5955489500698
42.5551504806894
4.35118685317148
30.3045007264137
41.155257012514
75.6303218281112
42.4937372892435
4.32792421076965
30.2511635255946
41.103036253515
75.4671482680638
42.3360194118329
4.30656297619806
30.1898395182548
41.0162529924358
75.4211210906446
42.2780141197037
4.28222923531504
30.1468882208972
40.966127862152
75.2447468111187
42.1925634650935
4.25945935287902
30.073009034568
40.888305430261
75.1500588277755
42.0784243581771
4.2364050592424
30.0047378849709
40.8215077373195
75.0798633144732
42.0260806669374
4.21257440374389
29.9516089022149
40.7381160910382
74.9753652869084
41.9291930077879
4.19161161282477
29.9045071738279
40.6479742320033
75.0212881473588
41.7956287962232
4.17088830099416
29.8387426516431
40.564442798527
74.8482333665037
41.7726003471559
4.14601945909039
29.7848195762023
40.4735322154131
74.7270523671283
41.6609134682964
4.12689930493471
29.7140692788173
40.4050740304844
74.6580007020369
41.5496606943622
4.10220089714744
29.6631720738207
40.2801852406604
74.7386375622746
41.4793053671221
4.08264797104229
29.6075111087
40.2508522624095
74.53493982598
41.4136230941019
4.06069236349504
29.5486366975962
40.1208619214713
74.4351516198922
41.2882736839849
4.03805750913289
29.4943331455885
40.0807028899432
74.3897601668897
41.2036060737076
4.01815216056799
29.4295890383914
39.9617522454173
74.2963614573416
41.162047414724
3.9945139307746
29.3723981677002
39.9533001041304
74.1324148650694
41.0394660272948
3.97126115943366
29.3171845931541
39.8461596327622
74.0911255402016
40.9704238814624
3.94890091428021
29.2628268460119
39.7670559156244
73.985716621456
40.8596085521835
3.928898412518
29.1985741406891
39.7029197146275
73.8767916865044
40.7384526783771
3.90832639023409
29.1418540529478
39.6046944256983
73.7937911383125
40.6850998244863
3.88503965657154
29.0826506820301
39.5547373218555
73.7669121367946
40.6078793529658
3.86371267565456
29.0368456462741
39.443576564375
73.5440549232306
40.5064635952391
3.84499053497496
28.9753422428164
39.3794727441651
73.5712658917667
40.3992254032692
3.82149298304316
28.9192542468645
39.2885084482937
73.4690430294959
40.3450916805885
3.79930820302962
28.8509000274255
39.2093940797893
73.426091922502
40.2352665567368
3.77882797571454
28.8080442657899
39.1381695726394
73.30033898255
40.1436210217892
3.7557470453562
28.75687025262
39.077637353919
73.2248903188176
40.0817508296302
3.7401365744007
28.6988378574618
38.9723985274552
73.1592999690129
39.9782253798098
3.71617900003432
28.6229275448471
38.9144220484017
73.0632136856809
39.8998741903935
3.69688709806404
28.5729861340089
38.8304844264147
73.0399402745232
39.8387611726688
3.67330423389392
28.5153365746335
38.7485668763602
72.8896065386578
39.7294426203004
3.6539080439119
28.4568113011245
38.6785400264252
72.8150077566762
39.6611828287041
3.63162296365565
28.4003236219211
38.5840454803344
72.7156431272033
39.5205503455455
3.6104841476214
28.355187733227
38.5013127898742
72.6075545809475
39.471609356356
3.58915564601714
28.2908933406437
38.4612222203033
72.411211230097
39.3437527405493
3.56921656608446
28.2375896052525
38.3686844456573
72.3580099839605
39.2638316028841
3.54802887595127
28.1717132037601
38.3088660113976
72.4655444531964
39.1858709715567
3.52992740459031
28.1186104420136
38.1898566465923
72.2738272246404
39.0734588203762
3.50990772446355
28.0712480782914
38.1317685580733
72.1756556798279
39.0415267481883
3.4887326442741
28.0013384368731
38.0310033062617
72.1081530857178
38.9093837891012
3.46910222192792
27.9637781950951
37.9506880265632
72.0585245959638
38.854537644396
3.44869527747864
27.8916519539165
37.8900437099852
71.937151727328
38.7735634560927
3.4278966874712
27.8439682840154
37.8116994390397
71.8950568119531
38.6689297894995
3.41131735229074
27.7923378683504
37.7575703748926
71.7481892404405
38.6585231166652
3.38869654518488
27.7197540838401
37.6199582437864
71.6879100991971
38.6092945304834
3.36811110981906
27.6615257539231
37.6469584806355
71.6406751761442
38.4370189292382
3.34690009141471
27.6201796367174
37.5354933708078
71.6441255710559
38.3561266665458
3.32941713101085
27.5574300488323
37.4187153690885
71.5381260081825
38.2388623898083
3.30832899468416
27.4919825322478
37.3332822817606
71.3042150954685
38.1816119918491
3.29035610886774
27.4481058563617
37.268540963785
71.3101618585544
38.0737158540513
3.26748374707128
27.3900244857329
37.1823818117947
71.0906108574088
37.9824373417295
3.24874243137104
27.3359178510535
37.1132623490371
71.0231759708764
37.8942229938709
3.22742845141238
27.2717397737782
37.0773340850769
71.0027878466497
37.8285042588959
3.20982603703173
27.226541362295
37.000121739117
70.9388399144966
37.7026450987404
3.1908843332933
27.1737515675527
36.8921835808466
70.8278596110429
37.6397199468273
3.16821092820333
27.1126754739425
36.8584501630994
70.6717743575363
37.5451584872471
3.15207644627949
27.0587425816728
36.7611582787918
70.6720750589615
37.5330828066112
3.12988043396444
26.9982762107305
36.694719404054
70.473151038288
37.4250624694062
3.11362212522983
26.9537895098317
36.5735907242769
70.4578264672333
37.3350262767968
3.09164680902552
26.8946161088874
36.5039641137575
70.4171511843463
37.2601693473132
3.07611769282513
26.8412791581099
36.4556498961339
70.4710085879033
37.1886796165087
3.05577843510691
26.7809863743661
36.4164217485807
70.3111393115731
37.0884282918269
3.03391819035173
26.7273980163997
36.2893599905691
70.1670173500678
36.933281793131
3.01717029379615
26.6674208477489
36.2129422321515
70.0600069757489
36.8862641535865
2.99971633014636
26.6179219811699
36.1117669857653
69.9058011255012
36.8530962117035
2.9820620471657
26.5686989385427
36.0692323462579
70.0020971445037
36.7309031499117
2.962282502172
26.5043563975208
36.0196728837836
69.7636278719088
36.6661766545626
2.94524957125074
26.4522933405675
35.952373391961
69.9097726323283
36.578565479044
2.92436458069131
26.3961468978929
35.8593481434785
69.7841428889024
36.516428240529
2.90697499604557
26.3449369654969
35.8109355019707
69.6582001590252
36.3308554997017
2.88724385065753
26.2863270920038
35.6986941123279
69.6559449147328
36.3309356741298
2.87003311160364
26.2214747656717
35.6633843700831
69.3667449701345
36.2514279333747
2.84905040403729
26.192435846751
35.5373418524909
69.3246970068359
36.1460051374775
2.82871370052368
26.110974940211
35.4895790195262
69.2119848954148
36.0700485606314
2.81229619759624
26.0682684968085
35.4233393789977
69.1686336254299
35.9686208119256
2.79502540432845
26.0109290058766
35.3363747826224
69.1121488444228
35.9473964734911
2.77721726198544
25.9437956467363
35.2880455169766
68.9644755225678
35.8478915187999
2.76031010388574
25.9056658791328
35.1790424270626
69.0694428189377
35.6903291497335
2.74145610877802
25.8519580746443
35.1016171527594
68.8100091104431
35.676833923265
2.72131938755572
25.8060033758521
35.0070555315474
68.7249125772395
35.5952653132671
2.70297051548869
25.739709223969
34.9525103394672
68.7542915845339
35.4819938883652
2.68680638384497
25.6822442670603
34.9044322448457
68.541403966572
35.3983931831146
2.66779963763685
25.6481240297505
34.7988474252082
68.5526587622412
35.339768679635
2.65184153148166
25.5952776847993
34.7346592529078
68.4214282860538
35.2257605229714
2.63263861393594
25.5187535836486
34.7070250104686
68.2805222806781
35.1674998257804
2.61729624311922
25.4702290769278
34.6058829152245
68.362317306885
35.0743900433529
2.59944387166161
25.4313756523957
34.5500046251634
68.190281774131
35.0717417441162
2.58193682961991
25.3649038601589
34.4588425839848
68.076934817009
34.8958706697172
2.56214096304952
25.3105543600133
34.3794417736463
68.0014709756844
34.7927564593713
2.54821787137801
25.2564708272718
34.312876735817
68.0407889892376
34.745030119607
2.52883932782804
25.2025275931757
34.2347126743591
67.8502783429597
34.7089715164082
2.51211637634622
25.1587624044022
34.1549336627685
67.7810290557938
34.6080810877547
2.49493883919251
25.0985414720491
34.0795720738842
67.6999117593816
34.5184889361625
2.4789567123526
25.0576913265833
34.0062837245207
67.5706816868967
34.4868824047572
2.46236343030781
24.990002916512
33.9335747893673
67.4268146123463
34.349793404602
2.4429057815556
24.9309184209064
33.8877183561509
67.5823589928456
34.3017442294209
2.42740441396284
24.9049027154913
33.8011627257739
67.529611784648
34.1965795690878
2.40828213579253
24.8241596109572
33.6467899157103
67.2491321382598
34.1134583599776
2.39355669313591
24.776702164471
33.6570101191626
67.238642824299
34.0199416843722
2.37351110781994
24.7283221208086
33.5328635298515
66.9935587379468
33.9051866905139
2.35926872942754
24.6704588925413
33.4937505146697
67.1336217507903
33.8611103392644
2.34498845888268
24.6252934014163
33.4035003051945
66.9765222252641
33.8166761048693
2.32506447698003
24.5673633780555
33.3844619102773
66.87351381591
33.7690288330592
2.31120085010966
24.526024358899
33.2910035776406
66.9003306939795
33.6421450130661
2.29219982970757
24.4688447925513
33.237162912766
66.6830513218674
33.5673643645504
2.2764230623624
24.4077955011748
33.1604314520767
66.6629131991559
33.4766581530278
2.26011173802285
24.366052405083
33.0684280860718
66.554836534522
33.3991941734292
2.24507526678464
24.2998359736522
33.0121933145116
66.5520010910436
33.3523413894932
2.22639089526243
24.2615827797248
32.9573903058795
66.329972214707
33.2166692963698
2.21280048379255
24.1763166935094
32.8489667299679
66.4017346310546
33.2130452290674
2.19380519321583
24.1512490268472
32.8329101947859
66.2229577562664
33.0839667640724
2.17854127066528
24.0994770695168
32.6935119660318
66.2818565652695
33.010560459522
2.16313039119857
24.0517970747808
32.6703952084689
66.0741234283245
32.856738014349
2.14622865780844
23.9818636766755
32.5513450424644
65.9441777827323
32.8481118055132
2.13029421206625
23.9411311625765
32.515215241581
65.9646726250833
32.7455194878652
2.1146108259608
23.89758489242
32.461047193566
65.8787105967222
32.7218576620609
2.09767137101238
23.8359570105891
32.3539730179742
65.7853482480259
32.6079077721831
2.08231882589036
23.769233696269
32.2603588247274
65.6481020059756
32.552132699077
2.06907556420032
23.7334803909165
32.2655423407697
65.6003877995202
32.4561604936063
2.05386899323494
23.6897684781537
32.1466547524919
65.5339310905924
32.3673424404697
2.03681528886521
23.636552612205
32.0770017288469
65.4028446784275
32.3513229139257
2.02115336524984
23.580371373613
32.0464234340532
65.3535060063984
32.1947349791805
2.00394353984621
23.52320213477
31.928983199238
65.2249018052828
32.1975420199931
1.98926650451011
23.4693035209763
31.8718145673711
65.1280681958424
32.0645346500748
1.97443484343923
23.4221397701313
31.8214083068772
65.1325691215035
31.9679132477662
1.96153389827654
23.3700195274151
31.7404721885646
65.0239383465289
31.8738471648152
1.94567159522381
23.3254011228802
31.6756859263738
64.8380746391249
31.8356504967081
1.92957796982228
23.268090717635
31.5941526768492
64.8947257169658
31.74205960131
1.91617446698337
23.2240048706962
31.4896356041436
64.7914099443913
31.7201525769085
1.897654008663
23.1580317181451
31.4358324917852
64.6568111352722
31.5946993920601
1.88611922126847
23.1230305815922
31.457192976635
64.560445352702
31.5082291786999
1.8693114700124
23.0561743358079
31.3052757772735
64.525603851606
31.4490413122103
1.85521070242067
23.0137393505682
31.2264651039244
64.5006814691601
31.4087432532573
1.83757640741716
22.9551254018967
31.162119240902
64.2774619114952
31.262852852125
1.82568339507888
22.9051130497531
31.0934330879214
64.3869554862691
31.2300057882464
1.81450653268736
22.8611285189493
31.042875176873
64.1424061516426
31.1275000522586
1.79580462602819
22.7971894577587
30.9485810632894
64.0470417702106
31.0086100530121
1.78028642210791
22.7596081117302
30.8622891873378
64.0842484973819
31.0059816442317
1.76576726090337
22.7158895092031
30.8013589096513
63.9430754117958
30.8947632202535
1.75170045070952
22.6572655886548
30.7401621665545
64.0260181762566
30.7779707543937
1.73712761962268
22.6075002377678
30.6376513237823
63.7812996773987
30.7441880093539
1.72393567492724
22.554794295283
30.5933029503385
63.7456775930031
30.6874936092661
1.70882172892795
22.5020600234827
30.5196221642113
63.6826262618721
30.5868647889836
1.6952323779912
22.4512948995004
30.4424884678574
63.638315299819
30.4964712153318
1.67918509862161
22.4067700636803
30.3898000675254
63.6122060353869
30.4309417419298
1.66827509994186
22.3625405913952
30.3198650863785
63.3988880573327
30.4198921893728
1.65364767721032
22.3038256316306
30.2773981264485
63.316416747379
30.288206460112
1.6409753333107
22.2658478547381
30.2262399716771
63.3572081306398
30.2442105265383
1.62562713704946
22.1926534188518
30.1167867930347
63.2744618094125
30.0992812059082
1.61175537099564
22.1406293068948
30.0637761363104
62.9956972043203
30.0537582722064
1.59754020327573
22.0936248152656
30.0082725039991
63.1038373112316
30.0216975436476
1.58004111119479
22.0574264674786
29.969601388854
62.9030900843332
29.943024883567
1.56968236617131
22.0092964313901
29.8276740344543
62.8678902506303
29.8002598314575
1.5552158539468
21.9582458066389
29.7509605865596
62.8045481261058
29.7339854896184
1.54475469522698
21.9067643199961
29.7545217033452
62.7501943078764
29.7294772964287
1.52811267556015
21.8663151376195
29.6211404517365
62.6644439763637
29.5442273555305
1.51598004043177
21.8059332775224
29.6006624788395
62.5283368104009
29.5448752043021
1.50397047505657
21.7536191997211
29.5322623294728
62.4953250719691
29.4892446415939
1.48964204272288
21.7057650951232
29.4316183542255
62.4581748552057
29.3697275489886
1.47321221697857
21.6642195196331
29.3794795092413
62.4086718230054
29.3500153126068
1.4654985904483
21.6193138351553
29.3133203909383
62.2797754871765
29.2778223395174
1.45239776311009
21.5488731153261
29.227913313018
62.1683889378418
29.1757652453469
1.4361950528678
21.5131342874129
29.1806004032065
62.1441203886984
29.0421513561163
1.4210634249535
21.4472102807046
29.0921601585095
61.991324845299
29.034961447342
1.41086269820042
21.4010638451456
29.0290420722975
61.8962411780257
28.9414869774413
1.39987928834929
21.3583308022159
28.969480509247
61.800618280614
28.9180837619347
1.38456844684626
21.3086820277472
28.8582920574414
61.7632184247271
28.8475737121125
1.37106858458472
21.2577300283333
28.8978245669723
61.6942079687328
28.6851577371165
1.35788954637618
21.2118601437575
28.7733906486206
61.6089266803349
28.705957829031
1.3488338958925
21.1659642226338
28.6723956807853
61.5902581046916
28.5560385800197
1.33450299334159
21.1134688799692
28.6731853225549
61.4681490758358
28.5595692102082
1.32297784701234
21.0554704254318
28.5698811696824
61.3631371248249
28.4123494182275
1.31093535820903
21.0227482523284
28.5515270703478
61.4259946007949
28.3673561848878
1.29670546890016
20.9631078409602
28.4587410876713
61.1326661223802
28.3269053637678
1.28324616979862
20.917925101268
28.4213590101208
61.0802925440438
28.2203766972954
1.27298133828289
20.877223614248
28.2986588889391
61.0966203430276
28.0957039308345
1.2593795826074
20.8236705759858
28.2758711269808
60.9175404753009
28.0545030818229
1.24644520256825
20.7871215616296
28.1897517180982
60.8929192021036
28.0371427469014
1.23628284422213
20.7280577002938
28.1527562807265
60.8375637718423
27.9727456901936
1.22414416064262
20.6746197320561
28.0763524282191
60.717457603236
27.8066273258749
1.21063149258931
20.630515315715
27.9975951613319
60.6814162072384
27.751350756277
1.20010997739259
20.5823456261199
27.8680670808346
60.5344971569304
27.7079297433897
1.18706318115153
20.5349630936763
27.925944678499
60.525174163339
27.600617484756
1.17768944867413
20.4907238745621
27.799440156653
60.3690252915216
27.5357555744237
1.16412214792769
20.4298249492505
27.7116339165364
60.3295905338489
27.4510227798166
1.15421976987696
20.4110644666726
27.6481426506367
60.2235169121553
27.4903028514083
1.13933186884145
20.3392620442884
27.5608207258356
60.2191635469694
27.3889598755893
1.13249495666641
20.2826387133053
27.5291482869769
60.1481928890727
27.2726570985048
1.11683997719472
20.2555009672434
27.473462294826
60.0305865393817
27.2142887136065
1.10637658116062
20.182015168927
27.3631040297776
60.0410290066456
27.1112901742185
1.096194966649
20.1676072658064
27.3204297717159
60.052472536108
27.0903434420359
1.08433422625325
20.0965786464941
27.2526675064193
59.8891260683003
26.9686776703041
1.07263207006689
20.0491292794765
27.203547269679
59.6986256065211
26.934002295018
1.06103124537111
20.0005366569859
27.1536786238456
59.6202172771115
26.8638389288756
1.04977197687951
19.9677096341033
27.0981272062313
59.5666214494384
26.7999198933124
1.04150191438888
19.9065768502259
26.968643394217
59.4552242705089
26.7014604417348
1.02954307134492
19.8637905055347
26.9145993769717
59.3656691793675
26.632160725376
1.01738669365887
19.8134496707904
26.8962245379618
59.357024558789
26.5457340532729
1.0081353931959
19.7735261844019
26.8533790708278
59.2855179467302
26.5185152332296
0.997394552139298
19.728949930879
26.7764878943011
59.2595107801994
26.4217163153929
0.985363807438194
19.6729856214829
26.6761929108663
59.2439393447258
26.3365265284591
0.97337277207112
19.6242047414107
26.5963450377048
59.0871147739175
26.2351256872937
0.964552860608929
19.5877515892128
26.5563395065524
59.0878061763268
26.2197225415591
0.954015617323168
19.5386613302072
26.4784204629918
58.8536073884547
26.0690571861482
0.941380164920188
19.4884530404717
26.4193164577313
58.8992070327538
26.0779371520864
0.930508569532453
19.4291006481398
26.3844179947988
58.7151388091049
26.0371239754687
0.921180947597333
19.401592096533
26.2823392656601
58.5900185385607
25.8917890452722
0.9122569761057
19.3408255395365
26.2391246907579
58.6518555335975
25.9083684235529
0.899164219476852
19.3009892172787
26.1723780148919
58.5918324909923
25.7750736611359
0.889340289135948
19.2552844385301
26.0802428049677
58.4869857064696
25.7301396938718
0.878311848673618
19.2033149473116
26.0221268883714
58.3132958896179
25.6896875716225
0.869442460744769
19.1459647139095
26.0111155217097
58.2065213213576
25.6114389010286
0.860907590573825
19.113769518742
25.8963281117594
58.2362073420829
25.5367845311756
0.849980037287431
19.0602399108775
25.9009042278375
58.3133999990193
25.4301807739329
0.837991368804484
19.0172405553084
25.786881903589
58.1066979500604
25.3964466707777
0.828350848230281
18.9810176546288
25.7303539221621
58.0497095383568
25.2585923806615
0.820226948992071
18.9305906207029
25.6040834737367
57.9868963464519
25.2054162653215
0.809558288889039
18.8684115771188
25.6281051171583
57.8236140542406
25.2495061505764
0.800547951904121
18.8331839505539
25.5568133260539
57.7755940052008
25.1177231668623
0.788124193245416
18.7786817126782
25.464299573744
57.746078365286
24.9993766107844
0.782216732541753
18.7403614172027
25.3943567154803
57.7335920177689
24.9799735561636
0.771545099558088
18.7064322437226
25.3508980420924
57.6577552055483
24.8883101264344
0.764036291270021
18.6445283722563
25.3046033483073
57.5138977674649
24.8097004684339
0.750746994934395
18.5945378759081
25.2599716068417
57.3406773813229
24.7704014827558
0.742426603045916
18.5643649998926
25.145496796114
57.1521439544775
24.7336783528734
0.731485251802227
18.493509783419
25.1026853017192
57.2779018283671
24.6184195683065
0.724695919513374
18.4511544305011
25.0285578909265
57.1747726236632
24.5608848516572
0.71491572094996
18.4214987045972
24.9352587513894
57.0957583040125
24.4903785060396
0.706378955843176
18.3691737032471
24.9377001944328
57.1022897734819
24.4731610699144
0.695688284377219
18.3295716256564
24.8465703758787
56.9142985734204
24.292955052314
0.689772034683325
18.2790445419785
24.8342574629349
56.9654785742339
24.3228986910888
0.677676300415017
18.2308213681511
24.7248709998408
56.8457068243168
24.2511579747862
0.670481637498323
18.1989359863798
24.6772888327842
56.7989456609509
24.1903394149374
0.661266380815177
18.1462833981735
24.6119068241144
56.689781746864
24.0926300633256
0.65151285979971
18.1069918279003
24.5776901466479
56.5452750072396
23.9417703432543
0.644361556798204
18.0420765659009
24.4765681787924
56.5150758007281
23.9064677321143
0.634758362727259
18.0242458033428
24.4450538982779
56.6030389193599
23.9035427351854
0.627121203145309
17.9681301167471
24.3321474364308
56.3185475359807
23.8274025275022
0.618501702445514
17.9252268952545
24.310074704125
56.1842586591374
23.7074185938316
0.60979508964239
17.8785413087799
24.2770530499256
56.2814896419822
23.7201500943557
0.601137212234124
17.8342569570245
24.1439061471595
56.2234543474711
23.67691987622
0.591687441420117
17.7752764689442
24.0858376261499
56.0762113753296
23.6133421498157
0.583292651225668
17.7370735920554
24.0474867497454
56.1087356288302
23.5357353438181
0.575707789382921
17.6854677383769
24.0205236570303
55.9072365076986
23.4239170782559
0.568620044272042
17.6466116725988
23.9277902620376
55.6693872701859
23.3255423995621
0.559510801438423
17.6113283636572
23.8705670956999
55.6815713856605
23.3324206664975
0.551994019795016
17.5655762779907
23.7705891228411
55.6462453162125
23.230260511341
0.54378263166758
17.5135520152832
23.7468523370154
55.6493534912118
23.1639821999703
0.536067330853879
17.4712540753226
23.7403421816137
55.4959692799892
23.1031401337868
0.529568973434209
17.4304537223911
23.6138952991772
55.4496224095904
23.0897625136294
0.51932297678191
17.3839941599256
23.5787464246145
55.4256588222414
22.952549968511
0.510382345920689
17.329423242789
23.5117056879896
55.2547802088551
22.8663949307612
0.504959519063019
17.3073295152316
23.4301333533641
55.3407354235222
22.8627012313305
0.497457852118967
17.2559258494304
23.3508912150029
55.1475018551084
22.7030275449706
0.488641137351702
17.2005826997625
23.3220008400201
55.1327536111332
22.7000488531431
0.482509540679051
17.1422115800567
23.2596291538898
54.9892218965506
22.6365199958766
0.474056465969665
17.113589610504
23.2189420125684
54.9770794336907
22.5700904318375
0.466469995734396
17.0763425951164
23.1643887126509
54.9213963141004
22.5112785735653
0.460141305370682
17.0314246327922
23.0980979662585
54.7485745942151
22.5069820155662
0.451044576329842
16.9971074853766
23.0232990317319
54.7821734290632
22.4269364631454
0.444706713307683
16.9475753311842
22.9191272130025
54.5662875465339
22.33021220336
0.438399129374436
16.8928975393313
22.8482025612634
54.6746355634029
22.2235849442818
0.430521358591701
16.8399309496199
22.7902777327138
54.3806174939069
22.1775029809873
0.423543611897016
16.8188847969413
22.8356019804556
54.314533713735
22.0639833363618
0.416533489522016
16.7708670129874
22.7259074441684
54.2604577817717
22.0679572489
0.409256081349997
16.7230276985189
22.6443461538852
54.3839567642746
21.9538543806502
0.403276161066487
16.6807104830745
22.5847279811671
54.2674170171903
21.9769680541937
0.397016606331012
16.6280671431505
22.5839493361911
54.1399751878336
21.8408056194233
0.388289178088372
16.5818211770245
22.4981536722188
54.0102827121289
21.7950334944629
0.38307061341306
16.5639702350186
22.4461890240769
53.978626054621
21.8072048074931
0.374894687022572
16.4925336184658
22.3843860909332
54.0369029612946
21.6682126034122
0.368583142625076
16.4602912638925
22.2786468694699
53.8249641866338
21.6589365546491
0.361365265401045
16.4210917089093
22.2350580011509
53.853585742473
21.5643383281585
0.355671899578153
16.3837156139256
22.2334277871374
53.7203039625448
21.5119207933531
0.349681299983058
16.3461198318442
22.1314070111567
53.6682634032648
21.3911561949017
0.342879127680872
16.2942816276394
22.0884319058503
53.531946122466
21.3997767004482
0.336856034341614
16.2438017967487
22.0612309631833
53.4859901527105
21.2665915720837
0.330455960931948
16.2233198306742
21.9836862085969
53.3630815778746
21.284739239081
0.324942930764732
16.1618187268613
21.8371630023065
53.268047066672
21.0655504935052
0.319854232735135
16.125033002762
21.8361210630189
53.2724266370589
21.1238403431328
0.311708999611122
16.0802006890893
21.7703900577634
53.201591246674
21.04320549481
0.306393433557774
16.0372479119931
21.7389032540794
53.0467597156942
20.9616026814469
0.299664463771373
15.9906125455373
21.669210535719
53.1649448170571
20.8980393008065
0.294110059033993
15.9453975614894
21.6256521577155
52.8340811584611
20.8860596969463
0.28871099295002
15.9100701025212
21.5397892446383
52.8790661114652
20.8060790591161
0.282373847419869
15.8673220284876
21.5218626860894
52.8572963513786
20.6223948300782
0.277608246418806
15.8234212845336
21.425445300542
52.7696050454664
20.7159803318642
0.270475779561694
15.7925805663646
21.4029086595854
52.6685342038735
20.5910308665309
0.266974761942839
15.739866670672
21.3385321080934
52.7784942727723
20.6003382024258
0.260730479799451
15.7049663949568
21.2599396127636
52.6066280497761
20.5680287550889
0.255456943059782
15.6469103229531
21.1542935385335
52.4772240384411
20.3866111290036
0.25014820624984
15.6145966993025
21.1911491820969
52.4276854882881
20.3968555561529
0.24467223261596
15.5764979835558
21.1466885885137
52.3762569212658
20.2469895947325
0.239456653152389
15.5381876095205
21.0576952315839
52.2780500624531
20.2208019802731
0.233067691558229
15.488103141675
21.0488526390725
52.1361629144645
20.1341356287345
0.22777691792212
15.4489224405426
20.9511361058011
52.0966632846875
20.0580128591165
0.22386834327109
15.4066744305267
20.9065131072895
52.1644973100919
20.0999252396445
0.218927580752948
15.3568377932588
20.7748052930541
51.8642098431535
19.9594249705555
0.214307795132685
15.3114721753832
20.7822181617058
51.9749970357636
19.9967365988101
0.208809367697749
15.2913249070169
20.7288978474631
51.9140728749555
19.8333802040886
0.2028923572981
15.230500472974
20.6188286071132
51.7952170930642
19.7138007159274
0.199486605857173
15.1988034231613
20.5850034976986
51.7667240611103
19.7768351395194
0.193731023322783
15.1528659194333
20.5832289835285
51.668244402328
19.6823274084395
0.189263468082822
15.1167174283107
20.482611576429
51.6028023796339
19.6677252726449
0.185005420887773
15.0720437364246
20.401328672083
51.6113071026552
19.4886199237873
0.180475608132787
15.0280989464627
20.3177142992442
51.4902791651913
19.4768390897308
0.175134927408466
14.9865896719886
20.3107095601797
51.2886130360928
19.4162378246261
0.170644822959745
14.9440073520609
20.2417047765826
51.2948697746624
19.3509287735783
0.166673123097848
14.9094315185412
20.1856301679104
51.2179899008405
19.3200152645378
0.162777940916393
14.8673637040871
20.1871922924468
51.0344030737258
19.2729249414862
0.157515894708242
14.827443902773
20.0783915893782
51.1927296129351
19.2518758093431
0.154128857374587
14.7759295166584
20.0230445799231
51.0576651942978
19.1433280699142
0.148912493086689
14.7444086512546
19.9909310360615
51.0177187760175
19.0626369902969
0.145902455979288
14.6997868871665
19.9231716694761
50.8561648726033
19.0224435317635
0.141355317369346
14.6680645165427
19.8310151195281
50.8384636407084
18.9653130230926
0.138315850127476
14.6337614264467
19.8165902632041
50.6925763171765
18.8895393710387
0.134405127601021
14.5809064469273
19.7935980913521
50.6653810706968
18.8628556352102
0.129870644718005
14.5461925242554
19.7163253324088
50.6872724724536
18.6942819506964
0.125935066100338
14.5010184754346
19.6637972964898
50.5824409267133
18.6762911991044
0.123178360422215
14.4615947027366
19.5922333788747
50.4740906004562
18.7222397077052
0.11937240844245
14.4193683896067
19.5367235879303
50.3264937101092
18.5906193403513
0.115314743316609
14.3779809171755
19.5394015275481
50.3012942520304
18.5203788865399
0.111040624016477
14.3411698139755
19.4915669227862
50.2525619393839
18.5193205384313
0.10748144743892
14.2928622485074
19.3531156069408
50.1587863488368
18.4039557768313
0.103701973357961
14.2637918257963
19.361682895562
50.1337424826566
18.4026450653007
0.0998071717082796
14.230647696517
19.2643737921293
50.0103872084708
18.2671079897213
0.0980277237695607
14.1779675169731
19.2143288910107
49.9876843685494
18.2116984015932
0.0940955381657161
14.1395371372868
19.1281949034861
49.8175450839779
18.1775743472536
0.0910614677232979
14.094590104075
19.1567289871381
49.7301700228962
18.0851582101599
0.088209068562398
14.0573426427113
19.0342257945713
49.8033214884015
18.0826666412361
0.0848351473944858
14.0192714011497
19.0139703923311
49.6166819863226
18.0479472171463
0.0816783610426039
13.9686786281407
18.92676234778
49.5466846156331
17.9522114096343
0.078867184089217
13.939444464143
18.8797656391213
49.5043632325296
17.9190608680947
0.0765345208925207
13.8988537257171
18.8075303130482
49.4889962163873
17.757759103616
0.0723858602938822
13.8581559476318
18.7318878987357
49.4154768542226
17.788066229125
0.0702870219952707
13.8062353056478
18.7245572265328
49.343913710253
17.7168823527742
0.0680074396614731
13.7809867132723
18.6708221726172
49.2469476153666
17.6776134885662
0.0645024172604315
13.7398356017498
18.6116287048564
49.2607146829347
17.5590910980879
0.0621012553253598
13.6833648891646
18.5504941208643
49.0509778662328
17.6219511215313
0.0599357079919989
13.6613948263158
18.5328442178219
49.0312066926996
17.4509212390045
0.0569518592538901
13.6232510794181
18.4693971728034
49.1045532690834
17.3892364999552
0.0547882208456691
13.5834060680837
18.4051153097233
48.886957450538
17.4157397711155
0.0524688172612297
13.5286901435915
18.345414344223
48.7965132375796
17.3379955538345
0.0501728895991165
13.5103032393812
18.3430632011866
48.7581648264436
17.2748122678922
0.047339343616681
13.4752582058994
18.255460094546
48.6872136100741
17.1835365152445
0.0454043496440213
13.4252308852891
18.2099151732379
48.4862669299388
17.1876009487664
0.0438033889014741
13.3872818043982
18.1629955607468
48.5626066492762
17.1655084987357
0.0409293693039254
13.3400677041129
18.0575045372176
48.4180236927447
17.1064652725879
0.0391599183939853
13.3138056342779
17.9601060753936
48.4106341183388
16.992367298626
0.0373279846891371
13.2801169830486
18.0251110861453
48.2419654629777
16.9968785240389
0.0356170424711134
13.2114969983111
17.9293116229642
48.4091022447253
16.8719254613594
0.0335874086140585
13.1840953017852
17.8899038383744
48.1254491121099
16.8954160518804
0.0320157181985058
13.1488733895129
17.7489766440048
48.1738981250007
16.827137816852
0.0301118949055743
13.1124671779535
17.7920986338174
48.0296798249051
16.73197311046
0.0284742363368402
13.0810383281475
17.7368056260385
47.9219010934273
16.6571675211485
0.0266653642556821
13.0266788242591
17.6726858702025
47.8375613259987
16.6257854258376
0.0250287190979257
12.9934355735907
17.6300356488718
47.7573416195351
16.5731238098176
0.0236813650026059
12.9594622687951
17.558375711633
47.8715296488456
16.4245832916497
0.0223604310120386
12.9131749597651
17.50498169365
47.7729083920044
16.3999531465351
0.0207102649944315
12.8877051069745
17.4736999482708
47.6580692236639
16.3180683072501
0.0197982520684298
12.8386302590174
17.3657544977145
47.6805730358843
16.3291346765708
0.01856640798812
12.8084047319639
17.3575425042761
47.5752322112914
16.3825024011344
0.0171732684674448
12.7742592882062
17.3635548441845
47.4315982162776
16.2955315509017
0.0162517136207401
12.7230957817878
17.242607303336
47.3990860072241
16.1630875145599
0.0150308983162736
12.6956611100173
17.1670732199895
47.2939255731032
16.1535643040883
0.0138664050568743
12.6500593742864
17.1586513622806
47.338340660974
16.0998270726083
0.0130951963466098
12.6183973243578
17.0520508924204
47.2894812113591
16.0406176079147
0.012175985694841
12.5894051108806
17.0174966185485
47.1858771191727
15.9998243891632
0.0111697234341548
12.543744843741
16.9413128522202
47.0089879554512
15.924076591172
0.0105301010578842
12.4998566006263
16.9337855859835
46.901783161111
15.8382978469097
0.0099189552561757
12.4676863960833
16.8692238011206
47.0046299910449
15.7855157748213
0.00906799114931449
12.4349730889421
16.8066349362543
46.9533090813064
15.7620535666857
0.00842097080436213
12.3950916686597
16.7574470298976
46.8014682102779
15.6655306474789
0.00809475290650085
12.3638612514587
16.7737995220956
46.6675507322711
15.5814129338559
0.00741184905483994
12.3083710002017
16.6358136555856
46.5553502613555
15.5783892183672
0.00713606792052627
12.2832647486242
16.651294041531
46.5462791879657
15.5156938096257
0.00681004132302881
12.2374751528516
16.5671414334775
46.4374367865801
15.4566405891497
0.00640458022878253
12.2147996623845
16.4898544261757
46.4018806906744
15.4412182198383
0.00616986250011244
12.1600278638774
16.5377305930324
46.2492251125393
15.3209095367254
0.0059991690314826
12.1420658824092
16.3924097978427
46.3325187580903
15.326389780521
0.00580285614963167
12.1009673543814
16.3580881786331
46.2275276809706
15.2490358597503
0.0057993287746022
12.053238639735
16.3240438360183
46.1331535890834
15.1112379804661
0.00580059802246617
12.0053719574926
16.2912050885326
46.0190782823557
15.1076902331444
0.00590229429277529
11.9861528813498
16.2208519543505
46.0684506458636
15.0510323116441
0.00597820811164994
11.9550823387413
16.1427614734445
45.981473072974
14.9811182136699
0.00609171344106144
11.9192524299514
16.1546705040161
45.8799701235469
14.9431620974585
0.00634516893965446
11.884863263085
16.1075705555459
45.8816974557077
14.9277899748682
0.00673696938436062
11.844626578611
16.0473253886559
45.8639309020976
14.8860592177986
0.00688442221845075
11.8018427328016
15.9658639846259
45.8755907672101
14.7569190189727
0.00750362624414156
11.7648868376618
15.9285841490825
45.677105583947
14.6971685530352
0.00799190206808984
11.7361009912858
15.8790689530094
45.5740876780213
14.7566468334255
0.00837110132360068
11.6939879993905
15.816650565372
45.5135814929108
14.6840873678346
0.00880817834769826
11.6414963097808
15.776110428858
45.4387679401771
14.5740621386813
0.00964761795959913
11.6017606266865
15.7195020176044
45.5335555888457
14.6041713810276
0.010350737689594
11.583567224163
15.6948342859244
45.3113193792785
14.5324813319583
0.0109950679507763
11.5403983043316
15.6421568450063
45.129417470681
14.4764793299446
0.0116135195263319
11.5059123044611
15.5609936911641
45.1805269852196
14.3875409707772
0.0131142816234259
11.4680171728005
15.4829681405184
45.0387551589611
14.4100131913589
0.013393763279735
11.4405256102399
15.4750297883173
45.028195096251
14.3099900847614
0.0148449890727326
11.3985039381868
15.4583991389914
44.989052889263
14.2586178726289
0.0155423871142202
11.364463174124
15.4136543117864
44.9991486994019
14.2697526297263
0.0167988080078177
11.3205285355801
15.3467324103029
44.73409430213
14.1571836816149
0.0178716223022918
11.2765553997743
15.3206870013012
44.6815729883594
14.1312948281874
0.0191751568890676
11.2559141441494
15.2611254181386
44.7502464666943
14.0833373343731
0.0201674487733264
11.2236782852611
15.1660476327811
44.7024599027662
14.0053666695833
0.0218197618190471
11.1931087440437
15.1647682665786
44.4845200608351
13.974033120371
0.0230839507365409
11.1622590168758
15.108305418216
44.4370478827972
14.0099007423562
0.0247976313208754
11.1287252459308
15.067833251833
44.3774924492345
13.9137469839558
0.0261713897055207
11.078141421953
15.0155440416147
44.3257433252858
13.7638357431516
0.0278892965256899
11.054658844841
14.9594525369112
44.3124369977417
13.6705878872974
0.0296557387939143
11.0241471648409
14.9489245874141
44.1057868123547
13.7469070899479
0.0314419743801675
10.9748400528779
14.890004366691
44.1691159644698
13.6539406599777
0.0334697333710588
10.9412306119271
14.8135524751392
44.0810388217471
13.5685718567692
0.0353394073517559
10.8972914292612
14.7753741313061
44.0648207192144
13.5387870644706
0.0369792813846353
10.8611492460713
14.7420444687072
43.9835729490397
13.4791383189535
0.0384558460782259
10.8364621740434
14.7063659075713
43.9047114507477
13.5105675917335
0.0411068774836089
10.7909368946633
14.6377389735527
43.9961906748648
13.3534778348007
0.0433597567688606
10.7609065008859
14.5670349249928
43.8241184108288
13.3297571463358
0.0450076036275517
10.7335180803294
14.5327733901237
43.7764331027672
13.242833483283
0.0476445956171817
10.7094796941469
14.5138733808479
43.5575152800058
13.2845593414529
0.0498928472195342
10.6560413577131
14.4558170610348
43.4307080105333
13.2101021917969
0.0516797667919622
10.6270415246551
14.3913649278626
43.5664549476033
13.0826805321188
0.0540308192004043
10.597116242947
14.2979733244952
43.6145952029192
13.1610176165287
0.0566148926467787
10.5606270038925
14.335104533341
43.5220765316286
13.0410775733053
0.0584471465273451
10.5121831060453
14.2270457886849
43.3650822039558
12.9473700236296
0.061925915267736
10.4900172531943
14.2609847136987
43.2939305043344
13.0154366893568
0.0642642577971356
10.4653449238415
14.1789859789818
43.1535244032141
12.846161854736
0.0664591000942024
10.4231273175436
14.09620197686
42.9509613636176
12.9266312815721
0.069839841370139
10.3873707860867
14.0394534127551
43.054573603613
12.7978661127165
0.0718867068113393
10.3499121571538
14.0301631783942
42.9807529157587
12.7173924299504
0.0758805261289758
10.3128908495338
13.9470221392639
42.939038939175
12.6717389596077
0.0776360998410595
10.278782775647
13.915785839559
43.0036698529507
12.6966747539439
0.0815042558092538
10.252804342449
13.9206031393249
42.7393606910024
12.620542456229
0.0838566462930571
10.2222034710251
13.781580299739
42.8251174484687
12.627534459428
0.0875465146880931
10.1824661970675
13.7765018147764
42.6987730670877
12.5139485792369
0.0913226708351088
10.1640567626693
13.7504376388634
42.7956693077846
12.4885888576898
0.0942394054928267
10.1026825509449
13.7072241206007
42.6638795837584
12.3966870431109
0.0962904783829574
10.0859817503226
13.6454436046486
42.5084915830567
12.3458696505358
0.100115117374073
10.0449988094639
13.6439068608259
42.4707516732825
12.2945761358972
0.102568177891291
10.0151046446717
13.569427761977
42.3378321217222
12.2900813025069
0.10752460044631
9.96957041528643
13.5724770029783
42.240524741676
12.2400605252682
0.110512882228181
9.93585698028347
13.5159169243565
42.2793128818589
12.114943083301
0.113083603335151
9.91255244782085
13.4215059304386
42.2101562478723
12.1411050589569
0.117492008569931
9.87276126239953
13.3897777939806
42.2206652565912
12.0205435292977
0.120843941966311
9.83701227443726
13.3412527246179
42.1078897849911
12.044226485966
0.12512479947568
9.81546188811886
13.3060458781556
42.0736863227658
12.0551393570604
0.128953911059505
9.77464687915285
13.2438575234958
41.8742246273386
11.9628927236198
0.132730926756499
9.74234086115053
13.1383071217964
42.0768513574435
11.9042217833512
0.136299592319626
9.70772734104743
13.1062266679863
41.7700207714871
11.8736234715188
0.139253185567781
9.66737336624591
13.1132176114985
41.9205788387122
11.8555071556611
0.144891725943462
9.6534829346163
13.1034807015693
41.6035985237523
11.7980701769836
0.148382174430918
9.60280690920799
12.9975901978281
41.7567904221941
11.7803969186139
0.153083882560598
9.58377757368977
12.9542439963493
41.6052556931083
11.7483934481144
0.155670374593292
9.54120514864232
12.8937420847838
41.4908409746198
11.667234518597
0.161321642842789
9.50902535880183
12.8940296920493
41.3182309671897
11.5441743643208
0.165248608666498
9.49189772356568
12.8436038907618
41.357009554378
11.5780937214043
0.170204621507597
9.44141668937686
12.8109751293685
41.3090471225775
11.519399349625
0.174561463091955
9.4064871805263
12.7770750055884
41.2027559617765
11.4320867819008
0.179355585838713
9.37549036101297
12.7508542752099
41.2626142716509
11.3790021232146
0.183417210226505
9.33301020855522
12.6564309432169
41.0271988043328
11.3799619846699
0.186140095542423
9.32141817866988
12.6480637437179
41.2328262109416
11.3205151988881
0.192355073279902
9.28763450807701
12.5820358045478
40.8707440657627
11.2205592611358
0.197110199223129
9.24264929322157
12.5079604141267
41.0359198808558
11.2342207017429
0.201799104513747
9.23702699516164
12.4991957470445
40.9601421195846
11.1402182696266
0.206706201267818
9.19411315596105
12.4460894064842
40.9046208339139
11.0830379321706
0.21234667640201
9.1503957190721
12.3905893512825
40.7567393370261
11.1713312316826
0.21817970100058
9.13358125260966
12.3665855077679
40.7799454148256
11.0741340631049
0.223029475848464
9.08376200811562
12.3279426385592
40.7222463734425
10.977768917751
0.225522595863794
9.06487442107312
12.2778419486166
40.6664172850868
10.8739674544545
0.231720799746584
9.02353771191169
12.2176628306588
40.4365999251243
10.9473238211554
0.235114175501902
8.99002903447803
12.1994525349474
40.4036436561057
10.8542227844376
0.24349967255246
8.96938048595694
12.1464955694266
40.3036734358489
10.815834085782
0.246794728286568
8.93772024183619
12.1273688533676
40.3196333375669
10.7970119480997
0.254455738856407
8.87837465875067
12.0848622242024
40.1858989548172
10.7182331992108
0.259919965455244
8.86702432074499
12.0070964763961
40.1994348941234
10.6882823116859
0.264368577172495
8.84558332630283
12.0158232037412
40.1308691085156
10.6273571471819
0.270681599690768
8.77662643411387
11.9452407482138
39.9561212026721
10.5577339841044
0.274262024945624
8.77476668494417
11.9055121824284
40.0097833188239
10.5697828676416
0.280806177657098
8.73591637771614
11.8292596315971
39.8397848556564
10.4769185246102
0.286535491872373
8.72285418258294
11.8365912777992
39.7432459448657
10.432225913289
0.292174666455765
8.67865946176772
11.7742547743883
39.6782288281331
10.467700823044
0.298545692428869
8.64730689318417
11.727012053978
39.7405834338833
10.4109488410051
0.304299469649235
8.62530211376727
11.7043542512167
39.7533918789755
10.3523057325584
0.309673399523887
8.58243469840184
11.6271754186366
39.6644046855881
10.3665137552601
0.315790424628342
8.54119187448865
11.5557458041999
39.6188419174986
10.2207110126394
0.321891764130503
8.51691012464507
11.5614328560878
39.4992403542235
10.2712889205458
0.329194572439055
8.5073894658485
11.532901952191
39.5306043899889
10.2115805206327
0.334376122366506
8.46258606298555
11.4880469162094
39.4685511012482
10.0859466809313
0.341606558931911
8.43511051343634
11.4315422285723
39.1201162433463
10.0871489369557
0.348725415539697
8.40403760825758
11.3871191995783
39.3750233033075
10.040490602952
0.35431161189118
8.38390272561054
11.3637814405184
39.0957746576967
10.0199919905421
0.361110618014488
8.35144137316306
11.258791159332
39.1660824401503
9.9215757959164
0.367101810293903
8.31120974516448
11.2654771632724
39.0003421556014
9.85254999868731
0.372984583318494
8.28610800361763
11.2095660239744
38.8291930627237
9.91271247397755
0.379800398727533
8.25870629351817
11.1612590382446
39.0353890908077
9.83579370814738
0.386047738953674
8.23431649380985
11.1342804833429
38.8939703884665
9.78365532978076
0.393151544394145
8.19339859667023
11.1147056344774
38.8239644232342
9.73602482579994
0.399030857370152
8.15407149255607
11.0657264336102
38.7490367991882
9.73037529236622
0.406519777766341
8.13044879437105
10.9978369058689
38.7773121055921
9.62044905775818
0.411285654362434
8.08607872789957
10.9851265757418
38.5186380944529
9.59612243675644
0.420781289139465
8.05190370433962
10.946941748548
38.5660196512776
9.53179861615779
0.429665416331191
8.02858973984343
10.9035514881475
38.3691988575474
9.57916245865621
0.435304111396481
8.0084566742702
10.8340595691983
38.6181702924422
9.4725804212189
0.442821152270244
7.96862950257734
10.8381775367502
38.4886277961726
9.47919404679634
0.447350698615883
7.95563338346547
10.7739217185146
38.360253249491
9.42077997562465
0.454908628541197
7.91301041829464
10.722923710387
38.4684116983872
9.39295225637316
0.466181116409664
7.88947690109926
10.6924445402937
38.2267266360098
9.29194139876488
0.471186590001718
7.86013827809123
10.6214371504982
38.1045939531356
9.22722528420587
0.480840566577274
7.81871076153888
10.6471198949766
38.062402375627
9.25275105245572
0.48546110344868
7.79903671384415
10.5879554991758
38.1133999291
9.23772507557596
0.494049371763915
7.76006022020296
10.5836728984571
37.8025424659929
9.19346781985639
0.500628826931766
7.75089319091796
10.4806556137177
37.7643762470833
9.11857451635055
0.509715557859804
7.70774918865628
10.4333319337628
37.7875942422025
9.08598982922688
0.515968984214306
7.68030965881077
10.4330496563002
37.9246723168469
9.07643070815981
0.524490993364536
7.66147009392223
10.3716792737446
37.8856762169047
9.03882090852065
0.531411508743762
7.62028741777538
10.3240666239644
37.7208495783648
9.00704194275432
0.542963772190051
7.58280899423243
10.2926092513584
37.5979451892414
8.93893430073197
0.549162279080737
7.55824904078573
10.2611578094266
37.6173121627019
8.87407105240131
0.557257950771997
7.52225083560455
10.2078184541942
37.5920145451631
8.78295100851897
0.565621129407126
7.49528829008742
10.1747207146586
37.4708121846934
8.84130591867599
0.574193009204987
7.47962432305797
10.1467520495007
37.3040049093156
8.80998326470837
0.580752074332242
7.44927276591699
10.1061513628279
37.1663676849736
8.67654134153348
0.590774999275552
7.41357010919446
10.0187738341759
37.2588626870966
8.65162361669341
0.597407358110138
7.38643790956422
9.99079500724272
37.128090281811
8.72677611938505
0.607440113147272
7.37120430905369
9.95370459311846
37.1300985755257
8.63908749464886
0.616772660751404
7.33966302285723
9.95967157961843
36.9583277940386
8.54866154300397
0.623384999219096
7.30567047958608
9.8953055664329
37.071229224446
8.52358034875851
0.632857399213165
7.27930029741368
9.82371315611331
36.9291968398264
8.53721061282577
0.642712918191526
7.25212377729167
9.80181862499266
36.7913454431791
8.48645059896526
0.651725306661248
7.22701173451571
9.78401369137585
36.8609385102197
8.37156917866385
0.658067785935404
7.17991385588842
9.72525532827874
36.7058835412675
8.43084325189917
0.667972935702132
7.14843331732108
9.73325014449705
36.7926784335149
8.31385296601531
0.676537357208975
7.12371778558362
9.65229421833221
36.688571813515
8.34843141276965
0.68434163539017
7.10433043670269
9.5919985446191
36.6280431952697
8.27914713215386
0.693043768762194
7.08441581987319
9.5635693571995
36.4879914260984
8.25266561210377
0.702966417197625
7.05196857025585
9.53686753765858
36.3740495987956
8.17305988951293
0.713345813130917
7.00895065228919
9.57101097539533
36.4334214307218
8.18615649963906
0.723022247081816
6.99457706870139
9.46189027949914
36.3855411035991
8.03114450790055
0.730510415720626
6.96521480024792
9.43379280547215
36.3454162060035
8.13410734819763
0.74211274037127
6.94146423979158
9.37702858458173
36.2270578891029
8.02680019039143
0.751789276863584
6.90857494517136
9.32860468719192
36.1639498358763
8.01325209149271
0.757827076351997
6.89280192645206
9.35076906605981
35.9731498724002
7.96254124041202
0.768297711792825
6.8399896821404
9.22684239352079
35.9714780223563
7.91558438797785
0.774776991592504
6.82304369126101
9.26506852723762
36.0354446509828
7.90859133438201
0.789420897639441
6.79000355627048
9.24989698595619
35.9498449425773
7.87985709132435
0.798766256592327
6.76058526233378
9.18643750455337
35.8554284595922
7.80796963469198
0.810338406234093
6.73890396230261
9.17115047949015
35.836565759234
7.83791614034125
0.816136734667279
6.71581215311861
9.13996099998225
35.7442177410997
7.73947458403989
0.827275211382148
6.68937457895023
9.1296332279539
35.7739459338992
7.67592751426828
0.837114963314885
6.66870149076316
9.03855060149843
35.6221672993696
7.69005359706885
0.844159158456248
6.63654602287395
8.96352906320366
35.6107019955439
7.60818750990867
0.853667890388824
6.60677136265924
8.94866860458975
35.5939179939968
7.62682351613228
0.868260325123914
6.5850852481313
8.97052778741241
35.3811399422174
7.59492597944374
0.876728236603637
6.56377835361667
8.89528115251396
35.5653485437645
7.4741683819379
0.886147615664129
6.52527486883093
8.87093079381068
35.4143665129363
7.47459330425508
0.896998355956191
6.50606194457379
8.76990041369647
35.3125887889612
7.4322547383597
0.90456557060869
6.46982668892045
8.78370334276836
35.2307664558414
7.42145226658422
0.917389238953092
6.44019759288249
8.74916924048877
35.1055329286495
7.34752306107617
0.926685939142503
6.41282077954463
8.70550512872952
35.1058154752999
7.35219478306566
0.93917253316723
6.38723132663685
8.65780691705667
34.9424273787366
7.28759070255351
0.950138773696082
6.34937245059398
8.64004781044712
35.0205221861301
7.21853138495039
0.961245024619554
6.31472192107986
8.56622307306359
34.9667769278134
7.24797486662337
0.968831404451145
6.31187403473678
8.54786879683075
34.8723144564307
7.18086076295991
0.983061042993314
6.27798616392032
8.56449268739438
34.8776436038163
7.12982307906935
0.993583147115464
6.25654775439657
8.51463153539263
34.7630581717292
7.16855401302021
1.00242616384243
6.22188404802863
8.45832028811458
34.8577035156622
7.155602441352
1.0153723486511
6.21540374256041
8.44438587957117
34.6900542863967
7.06646031838705
1.02394320988648
6.17731644236036
8.35088011659214
34.6746609418717
7.00107539791488
1.03584860846231
6.13845758455569
8.3359493809624
34.4822278848511
7.02824196483279
1.04579248693408
6.12101964715737
8.342071886322
34.4473384220906
6.93197080261826
1.05848600729649
6.0832176241703
8.25421131150723
34.4409852790333
6.96059174064304
1.06714566606556
6.06076270480195
8.30029296157425
34.4260328094076
6.92017685559227
1.08374353105146
6.04953529492726
8.2263298012267
34.3499439203752
6.88012727210832
1.08932748926318
6.00512670958823
8.11869376735822
34.2433888313105
6.8865629922195
1.10222345157822
5.98827505476165
8.08724296556248
34.4456014297476
6.76567724730329
1.11350945652679
5.96001433100969
8.07805002426096
34.1377623807043
6.70353261778806
1.12474018240924
5.9411165093911
8.05809527150192
34.0361511323662
6.74983411449197
1.13995855613819
5.92784757913125
8.04423947586674
33.9770180731195
6.64468114055199
1.14957468243847
5.89225814816891
7.96355567818552
33.983648488052
6.60915659023258
1.15917573802778
5.85957324213066
7.95573521827614
33.9916069177681
6.56939250562877
1.17261726778358
5.84766104526173
7.87839755623302
33.8744403433178
6.55293770471782
1.18452944810617
5.81795923735077
7.92699142054559
33.7814587862679
6.53013100295813
1.19540483508996
5.78410120682316
7.85202977552505
33.7272229251344
6.54073398326698
1.20939582443266
5.75230804414583
7.81595295824922
33.7737873392648
6.50665521447829
1.21818906785388
5.74174577920683
7.80180618977516
33.6519677334884
6.4514268833922
1.23299811130283
5.70477612889161
7.71445214006167
33.5769201188641
6.38914290377314
1.24551569863115
5.69129456405756
7.72457378033493
33.5441510728027
6.38123136116034
1.25576743891455
5.65115047120895
7.702068227332
33.611077922208
6.37618177908204
1.26856401510083
5.6272289295159
7.66279799691429
33.64353803729
6.30685838330565
1.28275934663713
5.59796253264823
7.62319700728668
33.3000338157096
6.2869388892877
1.29012516123178
5.59163522397157
7.56173542953132
33.2468170565029
6.24507979392952
1.30550465523342
5.56706599819308
7.53053080332953
33.3472429155579
6.22853260289999
1.31562949481152
5.53026969377146
7.50836305575897
33.3179284433059
6.24047165191818
1.33175819199503
5.51035033909589
7.45503372675377
33.1907860230645
6.18600042722582
1.34652232544246
5.48214194138879
7.49328584132176
33.0611908133589
6.04716926859467
1.35526900062869
5.4459155471542
7.43582479441345
33.1216796813437
6.11863647526633
1.36914101385612
5.42678628270771
7.3787638615952
32.9438885769183
6.02001922641202
1.37832097959624
5.3983261714033
7.36198763815161
32.864832837405
6.03471270596971
1.39449860006377
5.38435475764411
7.32165322948204
32.8745836207383
5.94132967896482
1.40475073401041
5.34902072810952
7.30045390577973
32.7634007679242
5.93896905724016
1.41624820500719
5.3369842156136
7.24510951438649
32.7271658914346
5.93156149916946
1.43155183309987
5.30850792720639
7.22872870788109
32.7066214674143
5.87377302551814
1.44719188989966
5.28806616091359
7.16732136295159
32.6717870400843
5.8543627457236
1.45921608739327
5.26885318955996
7.15099523833291
32.6467932075522
5.87171209816161
1.47297807227759
5.23640212527296
7.13668344184745
32.5852570375844
5.79483433229886
1.48581388222238
5.21904906438857
7.09274787705376
32.3370026663336
5.67633440684968
1.50315861126766
5.18460848251486
7.05867408045975
32.4989611803078
5.73336010935223
1.50920679848875
5.16225874474655
7.00880486475828
32.3674937027144
5.68285096334732
1.52596560690401
5.14291298718817
6.98186732291731
32.2956157756789
5.60378479461367
1.53867805741543
5.11834811635418
6.98011936224566
32.1330444811539
5.68363303250605
1.55400044977031
5.09187650436416
6.91275127436972
32.1572801392005
5.62388389314858
1.56246912053614
5.06455130321293
6.89825284457758
32.2115428613891
5.57471317292703
1.58050868215497
5.04854051693996
6.89535347309143
31.9602427361067
5.56214328512559
1.58939720020714
5.02112268989291
6.82571088811026
32.0864950929072
5.58501132216922
1.60645515216102
5.0042408744539
6.77756272526425
31.8432583257914
5.4861114395709
1.61981457105921
4.97188237869272
6.75445481958739
32.0313312560976
5.47347567673862
1.63458901908925
4.94752863776785
6.78026506035793
31.6764112869395
5.45962743991832
1.64772114022647
4.94394756706086
6.69600784025582
31.801488842799
5.41248238998864
1.6606304773854
4.91058298456149
6.6572609236461
31.7647547403114
5.40591199827158
1.68089635146317
4.86804184955083
6.6512378756362
31.7772692096228
5.33968910634857
1.68814571255244
4.85188075002793
6.62908587422607
31.728946606664
5.24667761735189
1.70724337826442
4.84265440504671
6.6207947191647
31.489022356675
5.23652345881354
1.71701940975852
4.79619431545158
6.5600346103091
31.567626748147
5.29842972860357
1.7328809909538
4.79180679417886
6.53064836113964
31.449733849439
5.19070613883525
1.74905197984141
4.76770327941756
6.46216351420561
31.3140233740055
5.18815967434671
1.7607395137182
4.74071994374679
6.44344806229043
31.3258830560012
5.13960816446655
1.77744164111553
4.72554715367145
6.40442579069928
31.22340139513
5.13115576191264
1.79242213279591
4.69874761084898
6.41387291273915
31.1430030497569
5.12419211404091
1.80654816674191
4.67056616464023
6.34315585729844
31.296129649937
5.10646709285888
1.81916939286147
4.64460412519796
6.35744715796899
31.0339289624153
5.07714633008725
1.8313372756355
4.62040189201003
6.32395135117589
30.9305659613379
5.03704514037448
1.85048743265588
4.60077713685073
6.2671797945394
30.9248613737559
4.98067728299691
1.8637938172963
4.57482667684726
6.25427765477089
31.0395586201212
4.94864749777888
1.87975874333213
4.55724287985154
6.21094394627312
30.9300548490036
4.95836325556862
1.89741511918491
4.5376622313445
6.18612558558415
30.8839887628707
4.9259504861147
1.9074260101743
4.51319058566382
6.12150324136256
30.9238172854481
4.85189966837297
1.92361339368536
4.49543528217374
6.12098466542114
30.7314417615493
4.83267284370595
1.93770612821535
4.46435845290235
6.07933527716017
30.5318520525837
4.79430373980336
1.95474083631516
4.43248025464654
6.06554807988687
30.5631734130643
4.79036067409832
1.96950602427553
4.43400743867804
6.08386888263772
30.6385289038561
4.78379725224023
1.98133265950082
4.401974412402
5.9908332549839
30.5100931539383
4.74782980551093
2.00837875030302
4.37352379486753
5.97265174053353
30.3519032543623
4.72142903293842
2.01420289158263
4.35046580579622
5.92294530614501
30.3698133327351
4.69184738704018
2.03202958536705
4.33376870708705
5.91721613092557
30.3988768857004
4.64212826273093
2.04368126629991
4.30362197750365
5.85993556355348
30.2738752243716
4.58551508699169
2.06466565630591
4.30097328731254
5.88145436125813
30.3596180387517
4.61412247057474
2.08295434495413
4.26660209327646
5.81562554321788
30.227490673388
4.55274675054953
2.09485389322153
4.23948192546461
5.74217344700479
30.1299224252992
4.54878025354164
2.10732756730597
4.23243680531241
5.78149585769453
30.0337087300287
4.51389930056733
2.12983752291454
4.2080858000117
5.72987746353907
30.1389595253276
4.42822995971769
2.14422251875475
4.18165447930344
5.70319124426107
30.1354461494687
4.43860527612406
2.15978533477515
4.15233590507467
5.6566671861042
29.9832964656253
4.41469606085739
2.17412063287164
4.13730287389016
5.65527497672944
29.8083600639931
4.46814447677242
2.18483954837055
4.11652218226658
5.64402409862332
29.8605901156119
4.39826879296708
