0
0
0
0
0
15.7101619732023
53.905671742788
73.4721523277705
108.515552018731
79.1521611652722
15.6649213291842
53.8274031466883
73.3296166588013
108.359347295144
78.9839209430513
15.6196980257542
53.7493941008231
73.1870490711219
108.201338973121
78.8175067297458
15.5745751559487
53.6713449537499
73.0456106208918
108.048975595572
78.651469627926
15.5295891113628
53.5933056210828
72.9041629881951
107.888737478325
78.4825494200324
15.4845011558582
53.5155337287633
72.7628912582943
107.735906119064
78.3184043034252
15.4395422572815
53.4374644207854
72.6209416122086
107.5812508736
78.1503447691902
15.3948017934799
53.3596360183752
72.4789394288294
107.426053110602
77.9816096652353
15.3499125849428
53.2816405192262
72.3390787103507
107.267182352088
77.8161906012495
15.305244283662
53.2042993099757
72.193878054738
107.116229294273
77.6544877601925
15.2604021272757
53.1264834708908
72.0554656352061
106.948646103401
77.4806626343194
15.2160545987861
53.0491555098865
71.9135252091081
106.803714739978
77.3197793272785
15.1713688384064
52.9711610390158
71.7740693156232
106.645504577453
77.1496686719592
15.1268811027187
52.8938105023961
71.6340588702391
106.493207315488
76.9890219218422
15.0825358118116
52.8167800130959
71.4913839666207
106.325247330411
76.8212489179311
15.0381938368443
52.739229027971
71.3502684792978
106.179257300317
76.6555011200699
14.9939754167457
52.6618783716007
71.210306947496
106.012389312209
76.4921723333504
14.9495941164671
52.5845335171277
71.0713154788811
105.87840915768
76.329894801552
14.9055244504016
52.5074434839224
70.9321778748151
105.725635779102
76.1640983466743
14.8617257787785
52.4302055861242
70.7931232038938
105.566894460693
75.9983375400468
14.8175236699944
52.3536082058583
70.6516228648893
105.407868592388
75.832814114891
14.7732641128716
52.2759403926525
70.5130614396599
105.259857374278
75.670892943241
14.7297937906943
52.1989249065118
70.3781081123712
105.09627571071
75.512705516649
14.6860931797766
52.1214894922497
70.2356105989466
104.943323376362
75.3401240106638
14.6422692951917
52.0456787696464
70.0930434312979
104.783196611948
75.17970125833
14.5987239745875
51.9694590539175
69.9513158441408
104.620274840022
75.0165594085422
14.5546275233064
51.8917382345187
69.8205813161105
104.484053139486
74.8511389808835
14.5112240873866
51.8153105924777
69.6748241702943
104.35453745148
74.6899858312972
14.4675507302824
51.737804173694
69.5398132517194
104.19324148897
74.5333397573241
14.4245642246393
51.660932188444
69.3988874807385
104.051192554759
74.3620355911467
14.3810964079111
51.5852428039803
69.2708313042585
103.860159723513
74.1951439003662
14.3375434501839
51.5088222969313
69.1192527307591
103.730623406542
74.0336756250748
14.2942136379001
51.4324074267916
68.9871454553181
103.53169852409
73.8753331436094
14.2510742289379
51.3544550620936
68.8476183437652
103.429861827516
73.7168604389392
14.2082950782251
51.2792756491364
68.7106578004172
103.253314420102
73.5569970616168
14.1651440809257
51.2039034113404
68.5739430039303
103.096761779315
73.3886170525676
14.121990067636
51.1256000802485
68.4352642162499
102.934592853291
73.2356855166498
14.078853627367
51.0510433822308
68.2989715104115
102.799601225515
73.0728094496504
14.0361556750072
50.9734686721981
68.161245336191
102.646398680419
72.9011304423042
13.9935197795279
50.8986181237443
68.021506087262
102.482231796166
72.7435690252924
13.950942792962
50.8225194805575
67.892217839539
102.340171290246
72.5919248113325
13.9086204715781
50.7467958708544
67.7487150576021
102.18828169146
72.440524791361
13.8650001243707
50.6706863394551
67.6178465611661
102.060971466462
72.2574576797421
13.8229641976593
50.5951823110756
67.4808247182274
101.879963059546
72.110364379386
13.7806106064705
50.5203595833999
67.3429382688136
101.773915546671
71.9533719218941
13.7374842443639
50.4437662232105
67.211705331105
101.598959385452
71.7875728065874
13.6959678458665
50.3669092266482
67.0668106573864
101.434641333957
71.6261690766215
13.6542466131249
50.2929890935322
66.9354740797708
101.305041042516
71.4609219960097
13.6114547863819
50.2178346485933
66.7919652047138
101.11331141949
71.3154490012848
13.5692915431708
50.1424627380467
66.670045130856
101.005376838855
71.1627846009054
13.5276619552337
50.0670608712506
66.5211521249943
100.868936413328
70.9889696885544
13.4850234218721
49.9914450110965
66.3902602175441
100.664247324469
70.8388307016915
13.4430779816267
49.9165203153261
66.2511046066574
100.504799509839
70.6899979169183
13.4020328692771
49.8424936020337
66.1335632500029
100.385938602156
70.51329225982
13.3600865279239
49.7647446396773
65.9865579871528
100.252932492108
70.3514481902626
13.3180188417764
49.6888271965037
65.8505196567393
100.042965586582
70.2154703064923
13.2763460828061
49.6145000357641
65.7204311322191
99.9824267501231
70.040866173263
13.2339826430062
49.5416145954472
65.5849066235997
99.7883441071617
69.890925400772
13.193472169569
49.466993836505
65.4516002591933
99.6328176460214
69.7066652262159
13.1522646293895
49.3916659521596
65.3144214914192
99.4742375394962
69.5829913650028
13.1099723628521
49.317087423891
65.1633975631121
99.3229751390832
69.4108100615986
13.0695685837954
49.2405552208198
65.0476732562899
99.2120493978243
69.2706125270789
13.0273736544637
49.1691773049069
64.9182386602989
99.0416478856052
69.1093861165931
12.9865120242968
49.0935841374982
64.7767341049189
98.9258283561325
68.9421888160082
12.9454030542135
49.0201654918001
64.647102448511
98.7639808252453
68.7790094004938
12.9036305019305
48.9448494908812
64.5140759106662
98.6395725084378
68.6511087505673
12.8625349972321
48.8671976813313
64.387084178592
98.4055144617187
68.4819239393947
12.8223762829399
48.7960400870912
64.2365367114249
98.3320740917301
68.3104975806103
12.7818958324906
48.7197551437141
64.1067690224151
98.1258188037973
68.1580638423438
12.7406095123134
48.6445105088365
63.9655244490739
97.9681178535227
68.0289552759469
12.7000875107661
48.5713130087198
63.8428929829675
97.8963143331739
67.8654117942183
12.6588300471137
48.4983197414124
63.7214140578666
97.7470618427171
67.695470194348
12.6194010233993
48.4233856360027
63.573307164661
97.6100506506912
67.5396445103782
12.5777484931009
48.3523879163047
63.4604733714451
97.4382909777667
67.3939438153786
12.5384203771067
48.27511997239
63.3184024888535
97.2858118054693
67.2213765800515
12.4969197186224
48.1988954773451
63.1935790485117
97.1817518221783
67.0984561467281
12.4565537637712
48.1279029757967
63.057546149613
96.9597295203957
66.9362487413997
12.4166279674761
48.04707326405
62.9343361174505
96.8123440814067
66.7578879510201
12.3751831656707
47.9783693664673
62.7795956011418
96.6815707373542
66.6212346304532
12.3367057741804
47.9041234719557
62.6576855277321
96.4911028614992
66.4489048590558
12.2956433183612
47.8276028596062
62.5369869167614
96.4303156248975
66.3167441665958
12.2568756562588
47.7575334157761
62.4048622138285
96.2605653322821
66.1613062425032
12.2159260153043
47.6825767500693
62.2683465772623
96.1301385452942
65.9846073624157
12.1771093025641
47.6064041089662
62.1322394996973
95.9266440017953
65.8577045559106
12.1362666068767
47.5383052329104
62.001443243833
95.785410183945
65.6883621089331
12.0973951301752
47.4652556966063
61.8707014051426
95.6427324832351
65.5616931860439
12.0568657136099
47.3955298857066
61.7397198903138
95.4618123439757
65.4023108643377
12.0167981467066
47.3175354624118
61.6151438999177
95.3508833668457
65.2367727822955
11.9762608923962
47.2435616737203
61.4936253162096
95.2472164717849
65.0844007230651
11.9384846405689
47.1727671459982
61.3485283379702
95.0378398667136
64.9065969110851
11.8973251959094
47.0991226881898
61.2308813065587
94.8774579918365
64.7799131916642
11.8588301457558
47.0210836922134
61.0978200021562
94.6966534958107
64.6240146988594
11.8193983051684
46.9524663082077
60.956430457353
94.6712615582021
64.4726372962416
11.7804161327436
46.8823236471974
60.8229302807292
94.4749939929026
64.3665788104611
11.7418386884727
46.8075908833026
60.6936274876277
94.3239457368499
64.1907778150019
11.7029541435725
46.7332167195421
60.574214372146
94.206196147016
64.0284505761329
11.6639133193674
46.6615290920704
60.4691545540936
94.0838835213424
63.894778711936
11.6255348866326
46.5893375684654
60.316120275416
93.9229888241657
63.7241287139609
11.5853874101077
46.5134240836981
60.1863712713935
93.7517288164169
63.608233957066
11.5465762317288
46.4448014514182
60.0435974406657
93.5992771995978
63.4078501662417
11.5084997556419
46.3706926327197
59.9439917971634
93.4467738622674
63.2869906209752
11.469811205809
46.2980221880313
59.8117602133733
93.3677349349147
63.1345241744358
11.4310807776348
46.2219564790276
59.6705410170419
93.2213645061268
62.9996484044384
11.3909854748822
46.1573622716491
59.5453161551135
93.1017508365197
62.8365583124513
11.354067568555
46.0787600347682
59.4376713100687
92.9166580016635
62.6804909813407
11.3142277031366
46.0096426283975
59.293799143665
92.619346474269
62.5586679811764
11.2761372233925
45.9379836784731
59.1698012353224
92.5910095780136
62.4129287124579
11.2386989245347
45.8591438809405
59.0211481155167
92.5243057386787
62.2465023229207
11.201075103035
45.7913791692718
58.9050720179852
92.3325738061348
62.0952960887843
11.1606697237194
45.7161042219986
58.7634853307151
92.2201268140753
61.9434362525974
11.1231397908947
45.64349120883
58.6588372839532
91.9862109381119
61.7989752458246
11.0852854755962
45.5764364984276
58.5039435665892
91.9157393293932
61.6572563111299
11.0472579685866
45.4986524592418
58.3967622463059
91.7503324916337
61.4991673651761
11.0100402033703
45.4314234095522
58.2700564099422
91.6858956130639
61.3775703527853
10.9708258247796
45.3608939279202
58.1542115602334
91.3363733365073
61.1996203926677
10.9318379371669
45.2872537116012
58.0108241322863
91.2460868806355
61.0520691227755
10.8953551583245
45.2153240912561
57.9054498472931
91.2721369721934
60.9014674308561
10.8604825382429
45.1477869175004
57.780290806933
91.0209131071139
60.775981973287
10.821187552491
45.0726352271277
57.6277484409003
90.8470945526213
60.6120253557772
10.7821931553698
44.9976065159893
57.5190331799213
90.6844159867379
60.4574454798792
10.7452781485369
44.9310759820442
57.3611295503652
90.6353925243574
60.2861452341778
10.7058456656532
44.8676598327183
57.2738567280926
90.3990507763183
60.1959174502021
10.6713824818748
44.7897872540786
57.1350364008934
90.2972253278907
60.0711020060089
10.6349837542598
44.7182602938476
57.0032422393615
90.1480570800538
59.8837466969011
10.5952075700999
44.6458393014436
56.8939329607236
90.1273006012638
59.7364827924482
10.5592742420018
44.5758275160952
56.7446332197645
89.9888865808143
59.6280643736701
10.5232149347648
44.5015110045063
56.6254320858268
89.7814602693728
59.4569987980119
10.4839547958503
44.431342623022
56.5122059045318
89.6474170552063
59.2880850086902
10.4482962064226
44.3641889443747
56.3817327656398
89.4600451960787
59.1601776646803
10.410154775033
44.2883197663132
56.2627350422826
89.2892236006898
59.0286513098765
10.3731472813123
44.2196821858099
56.1243567920122
89.2788530186442
58.8909234459241
10.3386828495544
44.147078391802
55.9982583243259
88.9115413610542
58.6979657270367
10.2989276619464
44.0829681384201
55.9115604526442
88.8226272685794
58.5541633594762
10.2647984547938
44.0064484867238
55.7511438540772
88.7623562887346
58.4393332060001
10.2298695337212
43.9362669592406
55.6234121182031
88.666739394307
58.318171392284
10.1916635105256
43.8641419575224
55.4973388382557
88.4759123274565
58.1157664789783
10.1542467074602
43.7902112684652
55.3974936097208
88.4183426987452
58.0235576624596
10.117230074668
43.7216479541458
55.255312216238
88.2030093577583
57.8585194599957
10.0833128773494
43.6586293168444
55.1471645178012
88.0742537162065
57.7107674028033
10.0450958925296
43.5791137873668
54.9934407455964
87.9863099215497
57.5887121676029
10.0094435513682
43.5172521517053
54.9000494807293
87.6833974480438
57.469146310198
9.97424292449666
43.4431496326274
54.7688984172748
87.7467374284009
57.3035015073959
9.9384286105548
43.3773463406774
54.6405929335251
87.4123415455671
57.170553043694
9.90062450121739
43.305446210014
54.5231283667436
87.3438557119811
57.0391610556761
9.86558705641659
43.2418717978957
54.4108991213808
87.2864003737746
56.8489181045814
9.82923580812088
43.1625027520697
54.2942729449253
86.9640462117177
56.7621036466422
9.79238744997347
43.0897202771681
54.1645835872892
87.0092324558702
56.5398845824421
9.75722358613913
43.0176844567729
54.0465725107874
86.7516200130107
56.4204864943417
9.72142852626981
42.9530429787923
53.9174284148992
86.6496093777896
56.2954683247825
9.68573577130017
42.8824483101163
53.7989241387892
86.5282521960738
56.1652337194064
9.65223573593717
42.8141493194635
53.6863745175519
86.4197434019306
56.0103201252844
9.61734434135732
42.7482534552621
53.5748047043396
86.3303227812556
55.8918912748529
9.57921332908888
42.676745414832
53.4292009360223
86.1232474613871
55.7654196673623
9.5431141281094
42.6147654679099
53.3148364632179
85.9949113203678
55.6095062321619
9.51129463855439
42.5371716497417
53.1836029037196
85.982595915552
55.4303648993631
9.47507428065156
42.4693696983271
53.0789441381023
85.6516241312389
55.3515826335622
9.43999343184336
42.3935852764965
52.9698259542649
85.5405775528354
55.2108270952823
9.40485580054754
42.3303518938516
52.8328031121215
85.4917268273121
55.0559225810937
9.36887304832879
42.2566936805029
52.7389002054323
85.241749359943
54.9144035608079
9.33332788236979
42.1949482754933
52.5838746502098
85.2828392362523
54.7286917536491
9.29813547636173
42.1273627656101
52.4497267260363
85.0376355284979
54.5993601358487
9.2664692801561
42.0555836740929
52.3535320606024
84.739835831961
54.4762055211044
9.23026954771206
41.9769985021235
52.221958550803
84.7132074392802
54.3856527847821
9.19464490461022
41.9146978139174
52.1016059601806
84.6563621927174
54.2047925971773
9.15984895986055
41.851963158933
51.9987862260846
84.6821343476885
54.035385415222
9.12497511670281
41.7804889570845
51.8739914418904
84.4243746480509
53.949388238207
9.09152740531873
41.7092278815065
51.7340928928233
84.2129985798037
53.7919407709058
9.05774591302393
41.6353849963693
51.6391391948653
84.114033258546
53.627387098142
9.02455608132267
41.5719875358325
51.5067346692405
83.9358204087128
53.5067205672227
8.98907960174314
41.4970306902768
51.3913204432674
83.7392878272416
53.3750888156819
8.9549998060717
41.4316593787355
51.2680315786775
83.6511484686021
53.2625676173916
8.91809797249964
41.3649763047326
51.1576553705167
83.4184254412597
53.0874296875545
8.88495162938054
41.2921302279043
51.0417666825439
83.494832610579
52.9837292444719
8.85277938260122
41.227589637342
50.9327214970248
83.2487711362134
52.8703212141408
8.81811669300145
41.1583956804234
50.8199371147041
83.185962930524
52.6666923656995
8.78572628743926
41.0967290129586
50.6908010616994
82.9251486649119
52.5515081759916
8.75216211965834
41.0250164953699
50.5503393715791
82.8393155603089
52.4106411702559
8.71416806633646
40.9502620373539
50.4605257037081
82.779352045862
52.2932266984726
8.68321393736873
40.8870965374246
50.3124636040592
82.6030540555539
52.1617583214563
8.64864743095347
40.82410030461
50.2200654914775
82.5190225622127
52.0114294583126
8.61854272316983
40.7502027213431
50.0819369527957
82.2679064951606
51.870846205372
8.58392588824507
40.6852453080626
49.9682271155543
82.1586570376982
51.7011592010165
8.55018816928419
40.606226063198
49.8836178233481
81.976107653008
51.6282469146322
8.51804266519805
40.5490187347235
49.7646066900483
82.0113653771361
51.4692381088551
8.48294541353236
40.4828218028153
49.6282522367549
81.8088182290106
51.3356752729571
8.45102647900677
40.4100124260108
49.5180278522727
81.6563428563912
51.2079013189549
8.41367137005188
40.3464739773205
49.3883817798046
81.559359619235
51.056773058319
8.38492450779149
40.273458747461
49.2599690910567
81.3330342884313
50.9123006929029
8.34925906610392
40.2112158270504
49.1455222274593
81.4000244826861
50.7797611329359
8.31686212540635
40.1404343125772
49.0419946542345
81.0120008735625
50.7109720619577
8.28373052726868
40.0742839614317
48.9178148289942
81.0180196506372
50.5397412658784
8.24972844036371
40.0072657373012
48.8161272611589
80.8655799821981
50.4374639318513
8.21726535700071
39.9476439172379
48.7100720296922
80.787306101404
50.2517758028862
8.18530896846224
39.869164848893
48.5866119850928
80.5405252183506
50.1388950304788
8.15218310288606
39.810153852294
48.4973455350518
80.4528532551196
50.0474828387601
8.120890829086
39.7337148181914
48.3026887465134
80.3183369677318
49.8503922374443
8.09034613376549
39.6694479614345
48.2242325756257
80.2127403943258
49.7732796358245
8.05456752969152
39.6109871788538
48.0898607260264
80.0014137104758
49.5797131511758
8.02062445753869
39.5337090429633
48.0094250598133
79.9409659334912
49.4647190062202
7.99024476008447
39.4685003462877
47.8566950070343
79.7696507885182
49.3079024994478
7.95655825515665
39.4042483198782
47.7610351960335
79.76338741951
49.1571994986786
7.92505719670871
39.3401820168918
47.6928317287731
79.5577777499294
49.0658813743974
7.8938706674484
39.2706693637743
47.5434447205201
79.3131477831299
48.9325348526297
7.86027065508098
39.2029415623447
47.4389707328663
79.1732784678666
48.823995170486
7.82982068579685
39.129232665997
47.2785993461953
79.1162863282215
48.657256618363
7.79727189695221
39.0651522919241
47.2067603601857
79.1013652100469
48.5514018095043
7.76586271111722
39.003302982464
47.1132786956452
78.9185718891222
48.4505651994456
7.73732104751986
38.939005504992
46.990476257729
78.7641917544583
48.2507044154754
7.70260648450751
38.8650825535713
46.8284937445016
78.6486499448481
48.1533618036494
7.6689658648978
38.8068353207296
46.7348836165651
78.507506944661
48.0714537839518
7.63991843727539
38.7314408184353
46.6468609085716
78.4910602399075
47.88344071685
7.60991245803722
38.6702961680903
46.4904735970942
78.31495876525
47.7968039928891
7.57786042678841
38.6148340680012
46.3910619683414
78.1553499676272
47.6650758630571
7.54288160921178
38.5434972756327
46.3110590441423
78.0116583455302
47.4945463173567
7.51142097026183
38.4770033425674
46.198527163135
77.8774224893568
47.3963650944167
7.48369351202228
38.4082762293253
46.0891515021484
77.6702688245046
47.2357389251573
7.45196523235172
38.3397002374009
45.9496272344811
77.7273836286869
47.1070099112668
7.41915230287148
38.2694914631314
45.8382279957365
77.4995757885174
47.0143538738716
7.38759568938421
38.2134089392086
45.7568967854883
77.3836569132449
46.9052716466976
7.35870554201356
38.1461582896928
45.5906129893009
77.0981683863672
46.7210311447882
7.32693210160603
38.069270532199
45.5180324159296
76.9584050711171
46.6245316376601
7.29720779428938
38.014146642947
45.4174717174501
76.7944194923001
46.4970399111497
7.26569261227641
37.9543825005498
45.3104292132534
76.982011349945
46.3462917010248
7.23288918998554
37.8717147670372
45.2008608322616
76.6983609686293
46.2171998190949
7.20399785919839
37.8075979091436
45.0670721303123
76.5032347495057
46.0629536072399
7.17062329066911
37.7457811410509
44.9595122931012
76.4588833078797
46.0055372936686
7.14316697443626
37.6832726244434
44.8313249465918
76.3130219953332
45.8136902632061
7.11305262485644
37.6207533206553
44.7110707998104
76.0879926652707
45.7251829848302
7.08038931010712
37.5492586020216
44.650852499762
76.0310167134755
45.6051086070984
7.05253310882168
37.4867755216617
44.5296028700803
75.9562514075396
45.4840424419578
7.02320343821259
37.4185331651066
44.3751514303809
75.9374991408532
45.3571548545344
6.99139665169659
37.3498923345588
44.2802318983022
75.8035450103422
45.2173856188137
6.95891013887383
37.2975658037595
44.1496484349397
75.4565320733249
45.0410339192086
6.93344464011886
37.2223725536301
44.0711219930738
75.4457347469085
44.9367675713451
6.90128463728482
37.1620502121611
43.9603543956462
75.4568912516655
44.852238147869
6.87106349792682
37.097672043884
43.8158366773492
75.0283805071707
44.7378051942395
6.84131190136885
37.0288240625684
43.72255427132
74.9221685663991
44.585587370684
6.81207223253777
36.9701948444375
43.6421218544141
74.9861042408808
44.3939331847963
6.78202226920728
36.9009120591033
43.5164976263747
74.7993222526419
44.3580843463998
6.75005981819137
36.8349217066601
43.4342200093967
74.655165103049
44.1697316355949
6.72396562563506
36.781018395851
43.2896043116208
74.5999575063262
44.0981220836615
6.69106374491229
36.7059339976233
43.173109882547
74.4002434551307
44.0321707925626
6.66427422452235
36.6451330093639
43.0638292910524
74.2328810971569
43.8562447371828
6.63718797281395
36.5885901252353
42.9479145694216
74.1166218674619
43.6386855887193
6.60681563529395
36.5048952872937
42.8343491336661
74.1200410351723
43.6218874410481
6.57408364131075
36.4582593988541
42.7573887190717
73.9628570616421
43.4254687272695
6.54491230798603
36.3881793100054
42.6523740981087
73.7627130491593
43.3864921782097
6.5175370441682
36.3305397904029
42.5537276732372
73.7080131949064
43.2242084818835
6.48843283274244
36.2597939547709
42.4144610336494
73.5342584510477
43.0684476093242
6.45984458824029
36.1886745956816
42.3062189002466
73.1457193495966
42.9721957451335
6.42825568245122
36.1219843544717
42.2221969576414
73.3599302469818
42.8060730858334
6.40065692011583
36.0643609887614
42.0837103711906
73.0544312946181
42.7076428377519
6.36924683561374
36.0029805845791
42.00941743565
73.1254851842338
42.5908637500094
6.34140405973411
35.9406810779749
41.8829919437595
72.9158171824113
42.5074152091154
6.30987316753803
35.8735133985566
41.7888332242846
72.5154509201423
42.3781802685847
6.28673225900088
35.8124092990098
41.6967123616084
72.7340034361264
42.24726147586
6.2552032352094
35.7537190369999
41.5799469856919
72.7031752879876
42.0998504482851
6.22898210009561
35.6846365738442
41.4313178356211
72.4473212752315
42.0340218921038
6.2002465760123
35.6245660389128
41.34910949418
72.2993173154024
41.7677298300085
6.17076354336133
35.5551716654847
41.278483831327
72.4351768526924
41.7457441650182
6.14148682165009
35.4898692586437
41.1382037872539
71.9321451501158
41.6601204986437
6.11256043233796
35.4214522019955
41.0494729085271
71.9418254071376
41.4995289092002
6.08393349298617
35.3653779185672
40.9500990416331
71.954425827542
41.4334566112406
6.05769265349943
35.3092668667679
40.8353223389344
71.5467823544624
41.2550523739151
6.02914741361338
35.2417015460218
40.7505146412024
71.4671601220737
41.1582892978483
6.00311874566621
35.1773244203056
40.6124319970862
71.4304197751346
40.9957816893063
5.97436051125711
35.1164840549568
40.4901477113259
71.3844366011032
40.9962061168732
5.94294073209234
35.0498194818038
40.4008200566533
71.2459051568137
40.8333350564169
5.91772228319557
34.9860996345855
40.271888922226
71.1210472444072
40.6047255841315
5.89006938251552
34.9198142094848
40.1983467948531
70.9275890160834
40.5645566634941
5.86526613986557
34.8657664814392
40.0795976676329
70.8503719295752
40.4407012500998
5.83347398741822
34.8007200017237
39.9512579729854
70.7549737146048
40.2882571637968
5.80841992654371
34.7405940747251
39.8836476843514
70.47778860929
40.1951640821726
5.7781183279933
34.6838318305472
39.7854604101716
70.3181219283354
40.1525432695343
5.75323743232849
34.6131969965187
39.6812689207981
70.2373760901756
39.9696869829583
5.72477525083299
34.5493994545702
39.5519105527383
70.0873449337795
39.7990720943009
5.69737403748635
34.4775408668439
39.4736882427583
70.0998852152108
39.7009840106519
5.66770487313549
34.4299501300728
39.3650014366957
69.9509091564412
39.6022090673712
5.64552571240241
34.3564760067175
39.2641413616894
69.6023259812825
39.4877011544578
5.61873983951413
34.3063558150693
39.1946682357118
69.6319996889685
39.2954539921643
5.58958678361286
34.2398042537922
39.0106482490352
69.6871695044624
39.2099875396004
5.56665138387248
34.1747431548973
38.9267042817286
69.3350185318071
39.1278884951887
5.53568794032483
34.1062795753471
38.8625604199276
69.4425026178035
38.9788068620937
5.50835030339358
34.0297644954836
38.7390571983286
69.2906041548319
38.8835099256857
5.47846489024553
33.994847075999
38.6374225800447
69.1995796936352
38.8259632048797
5.45440097090336
33.9236596654514
38.4869019638128
68.8413675272284
38.6944147611537
5.42808855611738
33.8680356585668
38.3976931985952
68.7815773894859
38.5534266940935
5.4024437114263
33.8023015674685
38.2908349810005
68.5434374623881
38.4146090969495
5.37183578324889
33.7388874195074
38.246572601092
68.7882209442326
38.2857627841999
5.34851348994055
33.6801040991601
38.1085566083776
68.482906616453
38.1920448139006
5.320685416996
33.6225940894668
38.035180469346
68.0996375338994
38.0274459255239
5.29458326264536
33.5510008808875
37.9567301668035
68.1778802580642
37.8846897112488
5.27163363410629
33.4917984138841
37.8340649350352
67.9490533734923
37.8083079769689
5.24279313894062
33.4274053146338
37.7147296833241
68.2697825828206
37.7268545597353
5.2179962616865
33.3773228545296
37.6254370218616
67.6191851594538
37.6987958163463
5.190963435227
33.3183748796252
37.5167788056401
67.7600200316663
37.5125219982367
5.16678580477903
33.2467936159546
37.429304807045
67.5929491303928
37.3391185670412
5.14122836502471
33.1755780602551
37.3172684268569
67.6914032309943
37.2587879319383
5.11273303196366
33.1258012969848
37.1842467366081
67.1747028605034
37.2586551227903
5.08850553791198
33.0643364162725
37.1129121180329
67.1525388916521
37.0049033161282
5.0638416608942
33.0106478453898
37.0074273381844
67.1941601784581
36.9878876809187
5.03811563508026
32.9291291199772
36.8901783989736
67.0150484863258
36.8248365386328
5.01169651995884
32.8784307073553
36.8479355966165
66.7789948513908
36.6925418433597
4.98457166195953
32.8136685688993
36.7172437875105
66.7837488462415
36.6065895627732
4.95934221813101
32.7665310461415
36.5882102434181
66.7673043522221
36.4019334710345
4.93345885107125
32.6952135501883
36.4896793650043
66.5007838284365
36.3674005001527
4.90890679413695
32.6405903987616
36.4374473698418
66.6302894136542
36.2994982650692
4.88538139209258
32.5637372292577
36.3210443551505
66.3599134197162
36.1032737522441
4.85887741697652
32.5084861476164
36.182613780436
66.0916537300076
36.0516449635963
4.83259093837485
32.4565351267074
36.129583307543
66.014985607219
35.913495206454
4.80693558258846
32.388039973056
35.9823673893157
66.0907009285485
35.8485815009206
4.78304011868135
32.3373450853666
35.8878721109815
65.901338274419
35.6608116501994
4.75885616640454
32.269558784274
35.8112651851527
65.7580717855078
35.5403027473074
4.73464740429472
32.2162137809528
35.7222748768117
65.6106913370761
35.4175538167445
4.70702536098178
32.1525457697042
35.5527752568181
65.6425198658181
35.3653283968392
4.68472823580166
32.0973747880324
35.4924868435931
65.5047399801634
35.2486544914783
4.65830958291657
32.0406594209779
35.4218743072622
65.3689152611878
35.0782540283861
4.63160301876666
31.9614997092224
35.2912748594883
65.188613140534
35.0115545463466
4.61071932709006
31.9185909869418
35.183736830432
65.0156535397833
34.8990418081638
4.58489418752613
31.8421432605538
35.0839452493469
64.8190898294481
34.7320190854766
4.56157925576785
31.779000914394
35.0285817330216
64.846153161144
34.70370839273
4.53619692162061
31.731905473733
34.9408619746836
64.7783786890379
34.5884557854489
4.51047817600748
31.6639366168806
34.8300457771218
64.502133213227
34.5298223066423
4.48943219287695
31.6094840600704
34.7495115972303
64.5246329495871
34.3189780063121
4.46702265302885
31.5580444959017
34.6211755385427
64.4085704108458
34.2851005111117
4.44237836162431
31.4861631449391
34.4936393231078
64.3785394225513
34.1215566708356
4.41574061667471
31.4217767411765
34.4473457567099
64.0745978275966
34.03814276008
4.39200458479087
31.3731507669536
34.333603469523
64.1137693327592
33.9323814662566
4.3665834138089
31.3151039348706
34.3113721869941
63.9117938307807
33.7655041797648
4.3470050060756
31.2536326938176
34.1089402853162
63.7895026706649
33.6810730457614
4.32017272266734
31.192122472703
34.0707720134329
63.5366504213539
33.5069068031376
4.29799738777996
31.1170751302323
33.9664565674917
63.6624931737789
33.4245516559043
4.27236996511137
31.062587022424
33.8705180033935
63.4038000140043
33.4033607392178
4.25084646152373
31.0066881345812
33.7847387615399
63.1320243467483
33.3217660059745
4.22656101496504
30.9550284796208
33.6288298389319
63.018252514258
33.1489439025462
4.2040030549496
30.9077835736698
33.5721561069019
63.1580086692916
33.0749015814242
4.18255450765042
30.8430440191567
33.4725881511511
63.0372372616047
32.8552403610552
4.15631914224694
30.7746365683732
33.3563659651154
62.5676861144873
32.8128210722763
4.1311362848293
30.7235667356485
33.3084463300285
62.8504597026048
32.713023912254
4.11146064770557
30.6532028520942
33.1418309665179
62.716640668433
32.6221606757707
4.08615153191441
30.5976861949
33.0824694573517
62.610258355211
32.5667328325979
4.06285773330697
30.5351203361486
32.9716235861328
62.4836123418501
32.3998828112984
4.04109820966791
30.478766712388
32.9001710947361
62.2532962488139
32.3642381809865
4.01869264812216
30.4234792744488
32.8196915775922
62.3070871602085
32.1600622653234
3.99534705984729
30.3640275757192
32.6928540317459
61.9478003364065
32.0619399070612
3.97269511467394
30.3087057001124
32.600577544552
61.9746302577733
31.9827352236235
3.94962857571643
30.2437203411835
32.5815768533825
61.6077564711845
31.8018924294396
3.92791073146969
30.1868473796262
32.4482280818317
61.8595537837256
31.8557610961366
3.90330788092639
30.1273052174036
32.3665912551939
61.8107240278933
31.6879638574015
3.88142234747647
30.0701526033353
32.2535928820769
61.6665530307773
31.523541992565
3.85817122041791
30.0248127315497
32.1622177954016
61.2890844901589
31.486096235255
3.83645390735663
29.942935287396
32.0471303199141
61.4436603476244
31.392339265284
3.81216925285593
29.8916154563465
31.9293742443352
61.2665507970022
31.2804743446174
3.79159608895282
29.8354160132084
31.8493860898643
61.131659030675
31.1357889458009
3.77052838869126
29.7642186330523
31.7793441547626
61.1344353938649
30.9933278748703
3.74618427479483
29.7330227264108
31.6567674379833
60.7638062802628
30.9379292410508
3.72561545887133
29.6741815076513
31.5703643258309
60.6524852594478
30.9572016349278
3.70327182677575
29.6012574552326
31.4857732857086
60.723937860568
30.8075276706233
3.68256986116897
29.5471798634134
31.3808354726846
60.410165793725
30.6607550248324
3.65840543400482
29.471679324269
31.3289569923485
60.2564775298189
30.5274830293266
3.63893985865564
29.4285165859006
31.2134303341543
60.3334497383572
30.4010612251724
3.61705690527877
29.3920352453558
31.1145326665603
59.9315306506249
30.2826047501143
3.59443242891771
29.3098469133814
31.0572805774145
60.1502312369377
30.1306711049811
3.56947243732793
29.2699987759221
30.9483661432116
59.7968930003609
30.1119446639651
3.55143215306838
29.1928829648817
30.861636738588
59.6317425963072
30.0159246419636
3.52764615093845
29.1587068471622
30.7456042645839
59.6257412589881
29.9459212984546
3.50975712700783
29.0896586382487
30.6614091257864
59.4582521729319
29.8274477785529
3.4901765365465
29.0350327041799
30.5714126960284
59.5593974789256
29.667195366966
3.46964205584348
28.9713340083284
30.4309247809881
59.3353712449691
29.5443263164848
3.44338227188053
28.905851315857
30.3791202596016
59.1204656624246
29.4415451172406
3.42463368903183
28.8645213605762
30.2991504956728
59.1762885244124
29.4141980870085
3.40128763892107
28.7893810096047
30.2138887930759
58.9261022062091
29.3437994278498
3.38078931204203
28.7493505848226
30.1240672109322
58.8631706798688
29.2268005979671
3.36378372851053
28.6829894495209
29.9944734679816
58.719792453675
29.0494764132272
3.33758954168301
28.6306247822714
29.9134908823368
58.7589384612261
28.9115541593503
3.32057040660176
28.5670182315425
29.860566045713
58.6778578887104
28.914329801231
3.29843431550696
28.527810620378
29.7006401182092
58.3033179816433
28.8617984253614
3.275742306629
28.4585664316127
29.6487478737008
58.2443832258483
28.708966585817
3.25639236544355
28.4192401928802
29.5570553037922
58.092301244611
28.611139465512
3.23195942312644
28.338101164068
29.4937331238566
58.10843224464
28.5280097657409
3.21778122517781
28.2848487893392
29.4189848246288
58.1206268931754
28.3933307799194
3.19310973011109
28.2435260283895
29.3140121033483
58.0122366527713
28.3329762133491
3.17312536594798
28.173914927808
29.2252185959569
57.9992169106182
28.2500123357714
3.15053062235107
28.1214137812432
29.1108478337514
57.6824943155773
28.0901858467304
3.13439113761044
28.0633329725925
29.0610491635633
57.6412190649964
28.04593078662
3.11457806206522
28.0180030404907
28.9862007213467
57.5012263363691
27.8701866959578
3.09302536565455
27.9507126385044
28.8466776645926
57.2911019555414
27.8245084571516
3.07464056428153
27.8960581911766
28.7837535765866
57.3715858687684
27.7539770864429
3.05472800961236
27.8432152293476
28.6511582753572
57.2555879211101
27.6441060184343
3.03670660350496
27.7993331106877
28.5691685120476
57.1987498292865
27.470823821237
3.01292322462714
27.7349995880545
28.5309203209965
56.7829031886409
27.4683837365548
2.99472712452687
27.6694551522648
28.4161801022795
56.7133975644408
27.2929391935533
2.97446579561377
27.6134410011728
28.3242770215052
56.5339991353504
27.2041345235679
2.95528370593854
27.5598901652006
28.2548398715459
56.5221116323001
27.1328576039722
2.93525543406968
27.4921401448396
28.2075044531643
56.6458676386015
27.0572202500672
2.91469336827351
27.4383394078449
28.009943554478
56.5268823790134
26.9029951613197
2.89577410619879
27.3853685924809
27.9491031368504
56.1784434831553
26.8371461996108
2.87852425811606
27.337594948741
27.8681802588502
56.4949775963902
26.765266524557
2.85720862174821
27.2676088173372
27.7904413054528
56.400870948784
26.6262746185055
2.83959988103358
27.2215701848119
27.7210179750152
55.9475425155484
26.4823421652549
2.82041101349839
27.1665002798996
27.6037831650978
55.8025427603762
26.4483493625811
2.80102313667017
27.1110964110841
27.5388771419031
55.8262154825692
26.3416186678571
2.78048427321814
27.0528867396265
27.4675840918651
55.4980040353597
26.2933279736174
2.76035503711612
26.9941380397268
27.3271577083218
55.508795812859
26.1476506513495
2.74398345651311
26.9356088846012
27.2507767790513
55.6090822691226
26.0284325781791
2.72319256955051
26.8903043567272
27.2277531562137
55.4313352596955
25.9276337595555
2.70417010737824
26.8369580033929
27.0907204533826
55.0773667789901
25.8539876800498
2.68369435535061
26.7852322174262
27.0033680558511
55.2663267878
25.8188692413733
2.6684941600492
26.7237748488226
26.9289536061857
55.2495044445272
25.6382869346599
2.64859488821971
26.6748270263995
26.8785337625459
54.7173855630171
25.5854727657895
2.634267552811
26.6190257975046
26.715887898573
55.0231258669204
25.5905630302586
2.60994609279273
26.5746049523966
26.672334933399
54.3611171147505
25.419026356316
2.59351301107007
26.5013058825974
26.5704452140722
54.8031970563538
25.2846159508842
2.57652592215541
26.4563237629723
26.4681302343582
54.6380215312086
25.187809868276
2.55696443751247
26.4083396438426
26.4058349918494
54.2526992764538
25.1161015342894
2.54147577537453
26.3359388683492
26.3503669779139
54.4220304750659
25.0292039477379
2.52227084879102
26.2900138604602
26.296764051441
54.4528366972688
24.8989004136266
2.50536652459244
26.2287237750762
26.1840932208804
54.0070377040547
24.7782476267129
2.481528409748
26.1739583117838
26.0802400659277
54.0571537819899
24.7458527869426
2.46847851612963
26.1266716662163
26.0216339785493
54.0725327271718
24.6816102720153
2.45121859809315
26.0869585653853
25.9254817080372
53.9714297728937
24.5918266874913
2.43092022994562
26.0146555188374
25.8180199505372
53.4645444447776
24.4067813262211
2.41700232944473
25.9638610633381
25.8278880296544
53.4218794545465
24.3987273312926
2.39405173632664
25.9095125835901
25.6522526377384
53.665258832635
24.2363211513348
2.37438472453743
25.8470314370862
25.5796464342862
53.4106155203195
24.2127905173842
2.36108026847879
25.7920926488944
25.5034204611942
53.0427550534091
24.1013017633882
2.3432497097138
25.7582216153655
25.3937063766104
53.3384775169362
24.0065832368452
2.32631271083193
25.6902952168933
25.3192383678739
52.9783116896912
23.9419211279703
2.30898895116409
25.6325142281129
25.2554189846439
52.8894618099867
23.8369051124534
2.29218484881155
25.5749925182397
25.1440902979909
52.9033983673852
23.761164157489
2.27203172406111
25.5140495221848
25.0444446993167
52.5315509809258
23.6439975592192
2.25596432933458
25.4773132512643
25.0223316275604
52.7711381805088
23.525575990483
2.2382289599726
25.4266815218383
24.9159707725525
52.5090685731398
23.4758465091863
2.22296796231328
25.3684618615442
24.829395815079
52.5289819817793
23.3565724262765
2.20453931366284
25.3251713847837
24.7259117630758
52.5484522771778
23.2998900049522
2.18963662072911
25.2464814567666
24.6583785044272
52.1982671295277
23.2420824433235
2.17046375271633
25.2070347007994
24.6086525068216
52.3191422937634
23.1321931978156
2.15375306098387
25.1593293106269
24.4916724626897
52.0662631940612
22.9785698795312
2.13750621951361
25.1110036308357
24.4320199929723
51.9852769454534
22.9014831844031
2.12097031006653
25.0488905877207
24.3311854858787
51.7415541315058
22.8483404627718
2.10555993627747
24.9984213608095
24.2718116870979
51.7025527612759
22.7037159513798
2.08990263612776
24.9322754584916
24.1941707893594
51.8901174609629
22.6833913820809
2.06998650371881
24.8900762957758
24.1137873389128
51.2801953612754
22.5823289184582
2.05549088815594
24.8414623687161
24.0526591499302
51.4432985914593
22.5011394730938
2.03913926087276
24.7901267049354
23.9466251383541
51.3778571480509
22.4250977251063
2.01880752036769
24.7326548606934
23.8426815908283
51.195588473645
22.3577599784664
2.00620561474655
24.6807792072698
23.7719162901042
51.1335900856315
22.2346193141127
1.99081137677382
24.6262002765345
23.6601067929773
51.0371619528112
22.1679125311337
1.97437541698687
24.5741136897334
23.6473553228555
50.9556117036504
22.0248499447033
1.958431450677
24.5036848532063
23.5311929396903
50.8901033802639
21.967227836069
1.94365207663674
24.4797128593479
23.4763055546589
50.7360700432403
21.9100718445742
1.92675357888772
24.4111612766704
23.4192689531625
50.5982171447685
21.830905337942
1.91088203840512
24.3751563798908
23.2822430484913
50.6532145615766
21.725773226283
1.89488050320835
24.315720137748
23.2507982255814
50.4024489611344
21.6417716762856
1.87671735643978
24.2439841619776
23.1555786340587
50.4072114441764
21.4882361281911
1.86326011435751
24.2034739096095
23.0501620134351
50.1581884452188
21.5279117533727
1.8455501771956
24.1508817725096
22.9397195707526
50.2141565744338
21.3464447692633
1.83383320673976
24.0909724703639
22.9049584923382
50.1202916207182
21.2498666052811
1.81519301578818
24.048903246388
22.842231103268
50.4707926397018
21.3032816418133
1.80383762951629
23.9961458794828
22.7072850288641
49.4102393962723
21.1785225074384
1.78477500302908
23.9412226781061
22.6369728590375
49.8931324756825
21.0632105490066
1.7720554681796
23.8959318662594
22.5612812874728
49.6415584487039
20.8824379902805
1.75555536769673
23.8386042845549
22.5563636631024
49.5340586239357
20.8418116634699
1.74017352502301
23.8060418699432
22.4145165174166
49.6147243933299
20.7043603483639
1.72807554667613
23.7285105535124
22.3386985793535
49.4297516781286
20.7049826683351
1.71147971524182
23.6876916537137
22.2619227052758
49.3294395599213
20.5697563597299
1.69631915763295
23.6232342985125
22.2028385491387
48.9972993863762
20.5289488307362
1.68192360416807
23.5912429909483
22.1382292025781
49.133053787497
20.3419514164899
1.66724566144605
23.5402922918449
22.0345455689543
48.9716272327987
20.3745902163298
1.65280740116928
23.4709641823865
21.9905610048493
48.6608268295969
20.2505705209378
1.63851823415355
23.433687032188
21.8686485416814
48.6941627058158
20.1970529205247
1.62158942473753
23.3648369704623
21.7706562628411
48.7783451451111
20.0246704546675
1.60877424299715
23.3050764683168
21.7325511009466
48.6380440230502
19.9875960383018
1.59329896776075
23.2853745518823
21.6594407792992
48.5336533236448
20.0348977170495
1.57878465485137
23.2162572946838
21.6336862615297
48.4046299654018
19.916781865921
1.56608878076801
23.1750216973734
21.4749814600349
48.3002079470083
19.7338326616688
1.55049989228917
23.1212722130584
21.4227656022809
48.0358552979618
19.7121143196202
1.53727046274587
23.0630469071702
21.3575316223587
48.2582037841174
19.6053369499836
1.52490121573234
23.0191649770125
21.259041079454
48.091493933314
19.5261615644206
1.51181258447615
22.9604510778697
21.1943754642566
47.9290816444007
19.4464398375071
1.49513534314773
22.9065296855766
21.1097806807163
47.7592589199472
19.3147310914487
1.48047985399214
22.8696905625289
21.0756168039715
47.7435520472249
19.2526242573237
1.46696411662481
22.8148485892465
20.9143799681866
47.6427435960594
19.2374867673441
1.45330473833713
22.7620345073212
20.8915028182665
47.7331812078288
19.0711791641207
1.44228486066951
22.7044283660341
20.8049006153905
47.4871003510946
18.9802907261519
1.42783808535128
22.6595892373745
20.7300882523132
47.2700199309863
18.8794471581617
1.41026478774958
22.6087192171458
20.6267383305544
47.3903250369974
18.924651468098
1.39761587659975
22.5443634028676
20.5912533959747
47.2117796780609
18.8125634842289
1.3865649959551
22.5044385555671
20.4998502680651
47.1173113691891
18.6551782666169
1.37124259241444
22.4479704034669
20.4154528534543
46.9127086069669
18.6136577828671
1.35801258195822
22.3960600311878
20.3457882191928
46.7918352309999
18.6200512986321
1.34686011501875
22.3549270173692
20.2924125964656
46.5603873606947
18.470703823841
1.33213577371031
22.3039652554018
20.1754012691864
46.5847357922071
18.4050667583998
1.31643915890306
22.2544951979811
20.1524343097117
46.6262631398096
18.3156711832431
1.30686735044742
22.1829821755553
20.030544125451
46.5113545306817
18.1722289527323
1.29324400922607
22.1569740490038
19.9631841819934
46.5067645256107
18.0704552508068
1.27932667183207
22.0925299030871
19.8600007834739
46.0691026086236
18.048354603335
1.26409330737335
22.0475833708012
19.8349621603723
46.0322431701833
18.0020091712837
1.25481387510019
21.9975994205536
19.7177947539157
46.0424584705808
17.8618820867628
1.24362976900548
21.9434920537367
19.7653800523032
46.0438759825509
17.8991786664586
1.22862183599354
21.9068325588278
19.629478933846
45.9508942991154
17.7728825827646
1.21475362557115
21.8606850042438
19.5608183444147
45.9498095768114
17.7071147330019
1.20252941181655
21.811101564164
19.4744690729391
45.9625505949348
17.597361379051
1.19133826568482
21.7605200951827
19.4389399038203
45.5702905532443
17.5842748567707
1.17927730876137
21.7061936893643
19.3094970270239
45.6309332352666
17.4383496185884
1.16577530582151
21.6453437445112
19.2021154778315
45.3343666400723
17.4147383354477
1.15324971555451
21.6032049850524
19.2137230828297
45.3468142883131
17.3203551288314
1.14309741789087
21.5512527665076
19.1249815018022
45.2236879330706
17.1981609603445
1.12980054267379
21.5042507253299
19.0696703677685
45.0211261714405
17.1053583445396
1.11958272008902
21.4503370867503
19.0064758358715
45.350505484715
17.1401257941603
1.10304520457343
21.4001804323012
18.8614559990628
44.9053833177256
16.9781981234331
1.09307134687452
21.3503823380449
18.8370679081416
44.9480890151107
16.9454105022211
1.08174105548228
21.3052730227304
18.8167953660144
45.0166021482786
16.8844860680983
1.07009659573089
21.2489374058255
18.6564643697453
44.8374821347074
16.7776118337939
1.06149394832589
21.208647712306
18.6401211324694
44.275274100976
16.6490961999173
1.04659882013947
21.1648835206417
18.5453741810349
44.6753800325853
16.5867060942574
1.03397128432986
21.1037149848073
18.4460296229411
44.6869533601445
16.5297933300239
1.02485365877885
21.0666818021135
18.4667431035581
44.5540302941132
16.4669643007095
1.01369774958421
21.0192727551189
18.3396707203644
43.9128379591975
16.4386775615712
1.00277367447821
20.9708827039001
18.2400727964794
44.256202062593
16.2784461769095
0.987641293863281
20.9212553982691
18.2298858807521
44.0882242334006
16.2270832526369
0.978048699960248
20.8694927497813
18.1446007093288
44.1583505557064
16.165421455473
0.964814392088573
20.8271741413569
18.055632137993
43.8413769603766
16.0596100194772
0.955544239146618
20.7678753892372
17.9455271953498
43.7056316460573
15.9724086040437
0.94413017196668
20.7199448626911
17.9068038179106
43.752262362666
15.9800387809522
0.931574765088499
20.6714333947281
17.8506299232071
43.8100812888251
15.8433955321269
0.924170686399117
20.6238974381051
17.771416368509
43.5484168632284
15.804266579407
0.912383267781873
20.5750242111208
17.6867028183177
43.5052326530196
15.7022360713271
0.900220337029921
20.5379498200536
17.6310318271988
43.3511627456143
15.6391248093295
0.890021488543676
20.4731153522345
17.5482742631274
43.3328782549886
15.5832009659249
0.879065595712858
20.4381612042649
17.4927417089134
42.7407374730116
15.5455598061577
0.868485166154884
20.3826598652068
17.4680949158446
42.7759166030336
15.3817399664404
0.858254250636662
20.3322690218468
17.3859773330191
43.0273286334069
15.4502623328687
0.847149401315646
20.2918180008608
17.2988120266492
42.9137115864201
15.2296552885878
0.835564107658339
20.245978624733
17.2358233177181
42.7715969388191
15.2124500687258
0.826227977858992
20.1874386043752
17.1344144018879
42.7590477595066
15.0779262421049
0.817760434941153
20.1598476792803
17.032839063212
42.7245348437539
15.0658245717663
0.805372531341246
20.108124389823
17.0590305562074
42.477693532411
15.0054971146372
0.795419990583318
20.0544527891803
16.9576953247532
42.4212689003107
14.9241714884184
0.785704917540967
20.007893039977
16.8692239793243
42.4460393026013
14.8633092870491
0.774887518918788
19.9522138279635
16.8630532289759
42.4535064094613
14.6972188037954
0.76476818078613
19.918006455173
16.7780968307456
42.203896908002
14.7789235340961
0.756067923145269
19.8678234171132
16.6854581354696
42.1951175000886
14.6430008999033
0.746680383284191
19.8242530476027
16.6042192986367
41.8925052431705
14.5924855120919
0.736342595574202
19.7641718093302
16.5709068176668
42.1226420950858
14.4901859873302
0.726353142936814
19.7359660824505
16.5222626977541
41.7128605911672
14.493643448419
0.717351216040688
19.6756410112971
16.3995027683562
41.5971092775684
14.3446443316253
0.70646137243058
19.6252797336872
16.3047381716249
41.6872920864313
14.3223819377099
0.697478249315145
19.5817136642
16.2973130230978
41.2774006611999
14.2447416562274
0.687887880026519
19.5530476893157
16.1989129804775
41.5607001049921
14.141209898287
0.678779965850027
19.4919731375743
16.1125448951016
41.3118061614846
14.0822510239541
0.669597367963011
19.4442201605806
16.0277762389507
41.4272341217806
13.95659210556
0.661027475397357
19.3954747259175
15.9849622031817
41.273927426026
13.9687827192345
0.650404902025703
19.3440623942991
15.929715892096
41.369238005683
13.8121037016195
0.640999480325786
19.3057868651926
15.9270068414923
41.0692898742495
13.8001905361226
0.632805772179716
19.2459381314707
15.8326329510555
40.759908384764
13.6638666579418
0.622597312907823
19.1997398492936
15.7547907100502
40.9261146079154
13.6567520049781
0.616246680696568
19.1660811361872
15.6772480798795
40.7797726503558
13.5733542519317
0.606505757161813
19.1088509768086
15.6158377877171
40.9514246702232
13.5516466321373
0.596960689066588
19.0368528712705
15.5682816872082
40.5477171079047
13.456337419428
0.588457283659553
19.0248386664127
15.5046250705662
40.453957512771
13.3941240400337
0.578759477986614
18.9697116050641
15.393392527789
40.3090876011496
13.3229787438614
0.569891482014915
18.9204643498582
15.3508850020432
40.4516072286878
13.2455621089842
0.564213162594641
18.8808106202282
15.3538312578403
40.3387619636257
13.2636293030965
0.55310815841778
18.8319528798706
15.2189193291807
40.2037595563683
13.1371491813119
0.545311920378033
18.7826014873663
15.1381086740811
40.0285459883426
13.082554012972
0.536815303559235
18.7544489671172
15.0793411487933
40.075476026906
12.9366122999668
0.527253873441212
18.698307529705
15.0398801199061
39.8221402667918
12.9335329079411
0.52102718586434
18.6424917566134
15.0155125154804
39.851308688201
12.8795829698549
0.51409017895369
18.5969363824637
14.890079129099
39.650613677567
12.7996529026667
0.503632417849814
18.5466424744192
14.8605299811194
39.6471703050164
12.7618470827038
0.49637389886714
18.5074754990796
14.8132675950011
39.5431072716716
12.6830417800962
0.48908353536461
18.4683763014821
14.6974369663869
39.4905733644606
12.5906675116819
0.480728448615275
18.4204411189352
14.6440511245578
39.2517419900118
12.5155012473927
0.473577942791137
18.3669570988129
14.5529962609536
39.3171611889377
12.4838448724543
0.465998672032038
18.326946662249
14.5473516890697
39.087386239648
12.4180589099916
0.457058429839875
18.2868584204427
14.4589763695897
39.1546973054074
12.3442004036915
0.449300876808075
18.2421372701082
14.4671912229174
39.0116459753713
12.2458500527125
0.443459366597894
18.190039431428
14.3991015219931
39.1457123228892
12.1743171637653
0.436001007904626
18.1460714803151
14.3227259445474
38.7833447514686
12.1588208994196
0.427414802936121
18.0923170523442
14.2312318957831
38.8646911841616
12.0483144736883
0.41971532938243
18.0507335617272
14.1383763848139
38.7162807782413
12.0279300797318
0.412929467240446
18.0119193111226
14.1237213336721
38.4887004043303
11.9387569169992
0.405464505840647
17.9767551311899
14.0223899307362
38.9684926181409
11.9154090556928
0.397724770711224
17.9179793019935
13.9265445979278
38.5528089412386
11.8127808994284
0.390902010853917
17.8867681052948
13.9191511047242
38.1571069471411
11.8574917694833
0.383917946039263
17.8364692832398
13.8734507385953
38.0701154857799
11.7984725096981
0.377334935566245
17.7851550639219
13.7967048941196
38.3529927594168
11.6515554235618
0.369542428158996
17.7436348526224
13.7251176764035
38.3672819899829
11.6766054357043
0.36393592073168
17.6891369224709
13.6657362637437
38.1911536697384
11.5224937484661
0.356896806326342
17.6476410567285
13.6313661031021
38.0482508601412
11.4369473266618
0.349641746195441
17.6062202602909
13.524018278505
37.7750218018354
11.4092084616495
0.340958772046397
17.5634950626674
13.4918025662806
37.9145871568816
11.3330917112353
0.336818131060519
17.5232847292895
13.4183909681687
37.8010560327684
11.2977044987755
0.329129781440675
17.4815776833875
13.3784201609214
37.4401332827213
11.2712205062857
0.322406625112238
17.4187344822389
13.3125815778456
37.6464902184871
11.1428379305855
0.317057478422487
17.3792276057222
13.2725683675699
37.5418469526979
11.0966284392927
0.312485968448466
17.346362679988
13.1906025042185
37.5337742302542
11.0476654585742
0.305240031817583
17.2874663654518
13.1307470372433
37.3501093973453
10.965296486469
0.298457039959854
17.2555861024689
13.0912741124916
37.2349360910786
10.9023097018607
0.292334626707194
17.2008784729782
12.9803166216757
37.1878958904925
10.8397600618578
0.286040566887817
17.1572022821078
12.9130185780374
36.8165272552461
10.7358238364058
0.278952882408297
17.1215243642017
12.8834617146861
36.78400644566
10.7384060757657
0.273011696588321
17.0714291603675
12.8321858398363
36.7209922180494
10.7580571407333
0.270159967657922
17.0266562111835
12.8231650346649
36.9806623508482
10.593376434737
0.262486993472817
16.9813821320444
12.6855758597582
36.7272819250637
10.5692245915833
0.257047815117513
16.9357307401903
12.6641842218448
36.902224884724
10.5320892628559
0.251446115583485
16.8819704940642
12.5454405477011
36.5912318630288
10.439227406002
0.245175916019694
16.8526674750359
12.5023915064879
36.8403063375152
10.4222818798896
0.239831700738519
16.8264980698143
12.4573597185326
36.4397988177742
10.3065724164827
0.2328091935705
16.7557218813807
12.4592114930859
36.4810682930809
10.2405760833274
0.22860597739001
16.7397043475209
12.343145895437
36.2353360863264
10.2044055784847
0.22464084220179
16.6881436948544
12.311192812449
36.3373668361246
10.1940182404554
0.217296349294661
16.6309328946798
12.2469846604171
36.1091450046928
10.1243473065737
0.213592663459191
16.5988184081007
12.2081504907623
35.5644153067067
10.0331834746707
0.207396052959739
16.5489410447272
12.1530166850192
35.9790066381659
9.98719891933072
0.202425034521184
16.5020139794949
12.0439404717829
35.8886486681904
9.94951746330105
0.198759051960586
16.4608371221037
12.063236118525
35.6802994421702
9.93927991694531
0.194082133104298
16.4056943076071
11.9362721271635
35.7477051380616
9.89342696198384
0.188170233873964
16.3769374811947
11.9407479170197
35.7681585732718
9.72954100152391
0.183452490726913
16.3315356131599
11.8486097360204
35.5887577631644
9.64726708505703
0.178230203187793
16.2916766755593
11.7555386251391
35.4455297412851
9.63484990406574
0.173078416351685
16.256683935299
11.7023306722997
35.7386283364393
9.60391063233171
0.168556266754534
16.2058653299892
11.7325809343953
35.3148063669981
9.49052394293013
0.163994905592579
16.1656740630464
11.5891241968157
35.225876410326
9.468438034944
0.160487026099093
16.1258686886096
11.5887700505012
35.3173244013247
9.44256878873185
0.154847070835659
16.0653196040304
11.5413811464547
35.1628825350876
9.41227819024876
0.151173033527828
16.0254611989833
11.5089136586208
35.3169362626864
9.27197256499677
0.146124246939287
16.0032589614263
11.4214223777817
35.2829588115246
9.20311906273184
0.142509552486488
15.9609619621136
11.3667279718879
34.9692126373483
9.18820206525257
0.138351463166458
15.9094104228487
11.3220680028083
34.7192358966722
9.16469722207754
0.135210148587187
15.8636745585785
11.2112376513228
34.6796811336296
9.09962325975692
0.129565142313756
15.8274747835725
11.2210621028998
34.5892148010517
9.02196418141934
0.126858754841761
15.7801317345338
11.1448000710965
34.6572507570854
8.99731696109777
0.121397901391182
15.7321536998612
11.08817010384
34.5215832376685
8.89476490140809
0.118696693361101
15.6897129942522
11.040592770458
34.4671236316737
8.90284101422446
0.114557107982291
15.6539780560959
10.9700556970173
34.6452169997497
8.78280322133033
0.111703155366737
15.6052763659667
10.9298110077963
34.5109851587461
8.80061770519025
0.106669083748108
15.5831405925298
10.8443796610336
34.1868352839049
8.73807325268647
0.104137062741038
15.5179604008973
10.8029804222417
34.0828453373135
8.69335671357719
0.099330724671671
15.4982433601807
10.7274726636121
34.3793448103226
8.59540353096559
0.0959819677119026
15.4424367667586
10.6841837696881
34.163471579278
8.58807808800199
0.0940080797307236
15.4227914747073
10.6500585748347
34.04001572235
8.43128157568426
0.0896003479150621
15.3609552668494
10.5873811243095
33.8840754230602
8.44228074822253
0.0872244206039014
15.3189659220296
10.5612249500222
33.6320270500774
8.40242918885827
0.0837740159124278
15.2779153838088
10.5350043953328
33.7402884471494
8.3162651773388
0.0801679976336578
15.2356273135984
10.4087586965299
33.630920725782
8.27007828758698
0.0766726166254187
15.1943462561924
10.3876873402943
33.6999284958064
8.28795553041543
0.0749736271164382
15.155934453128
10.2892375026358
33.5335616930231
8.16705082831683
0.0710883350711081
15.1081992188253
10.2272579980625
32.9242286565656
8.14508751668628
0.0684682395399084
15.065039492898
10.2097648061434
33.5702729699751
8.14069535152523
0.0662187245501348
15.0346210965558
10.1950465268419
33.2282203202413
8.01727459595809
0.0631029087583347
14.9837025218464
10.1054586441045
32.9930898685407
8.03169705514315
0.060239901938717
14.9326999526924
10.0830068527858
33.0713380290009
7.93154391768479
0.0574755120936642
14.9102510033294
10.0493537495048
32.9735736135808
7.89410469997958
0.0550130911160413
14.8622184139149
9.9712229849866
32.9229633476772
7.83748395958731
0.0526198091661735
14.8380547109998
9.90418840395022
33.2387425184824
7.73813404904113
0.0500952316040398
14.7867720499561
9.85220544211009
32.7341872979917
7.73919610079382
0.0480234336418888
14.744588827598
9.8381446816631
32.7415016922907
7.7403413588915
0.0458762168543254
14.7035964165794
9.80951961300238
32.6018707048686
7.59250499504949
0.0431884029366936
14.6662247824259
9.68853440806093
32.4694685541332
7.57524828647734
0.0413518605896361
14.6134676325467
9.66486458676297
32.3617122593142
7.45729213126092
0.0393591070120714
14.5650775976936
9.61010340535173
32.1715799145652
7.48905703604101
0.0370805548492834
14.5444981189282
9.55095148689614
32.2446829974917
7.44549905734855
0.0345472685564179
14.4916035324674
9.50641055792497
32.3771807331298
7.42728865256268
0.0331710858456483
14.4473365788315
9.46584351594264
32.3025089895477
7.35993595162998
0.032120428554487
14.4077552502609
9.39614872257971
31.9793390173143
7.22571765588865
0.0297093711294332
14.3637369721126
9.37222301193524
32.2031550593481
7.22019462266816
0.0282379044895917
14.3354395765677
9.29845781110394
31.9630357016685
7.13730517565166
0.0266224560781686
14.299752512236
9.25772839353447
31.9931721847074
7.11180569065361
0.0246949338534741
14.2545595935674
9.18780030651762
31.868966534985
7.16452944051546
0.023413061367676
14.2173111871495
9.19095168707818
31.9759583426932
7.04921516928737
0.0219755712351561
14.1769030658135
9.13869825689728
31.8399004449039
7.03296786753047
0.020308430298923
14.1349173920966
9.03067558285156
31.7094228924841
6.9626458556817
0.0188946707761495
14.0959054074901
9.03399348860628
31.4250108751415
6.85529429120652
0.017889801035148
14.0445712048431
8.98419530397802
31.1958799849968
6.85661588649763
0.0168088643815154
14.0211538132911
8.95657071246671
31.3462429576538
6.84397445524663
0.015838042588939
13.9708034229838
8.88447424334915
31.2257235889153
6.78295316510562
0.0143589994493604
13.9357507065685
8.83149720861748
31.1754846086892
6.80096957575109
0.0136859190638561
13.8913172912674
8.7746590317321
31.4545600159876
6.68941801377389
0.0128908579567431
13.8631552896235
8.71464837992815
31.467041037322
6.64087145728065
0.0119060786975407
13.8228786692427
8.71199583590295
30.734213899256
6.58335745381619
0.0114431026938099
13.7781454104255
8.59640600056197
31.0916819485884
6.52511049103409
0.0104556989055104
13.7613496051424
8.56512061620636
31.1784448092625
6.53116126919166
0.00978196776865107
13.6980457852309
8.52039667180345
30.930373874569
6.46767133672344
0.00913693813534659
13.6568164868167
8.50176315452017
30.7293613980325
6.37341440079237
0.00863998948293711
13.6331082998605
8.45284413124076
30.7350060326271
6.40933660732973
0.00819775061554054
13.5821940017675
8.39572085082136
30.5890435177916
6.33137146644325
0.00775273587230862
13.547579569673
8.36215935447971
30.7186272119889
6.30218066520631
0.00745935323899471
13.4918140579947
8.32240505479368
30.4543366199515
6.2119651610718
0.00735822614596873
13.4760316446043
8.25410190780413
30.5822225660781
6.18057493107644
0.00698525316484602
13.4238748935722
8.20832759670183
30.2776325194235
6.15629747711512
0.006873598029725
13.3812947555945
8.10311135966056
30.4950491832093
6.12033535932472
0.00690818707519536
13.3394907467866
8.07601045743063
30.1518306300916
6.1282934931772
0.00682676976892622
13.2933447454549
8.06087318627937
30.1498854448197
5.9681571792686
0.0068970753047449
13.2617065991351
8.00970248980387
30.0711212809152
6.00194054398414
0.00706288088676597
13.2403475992368
7.970108108461
29.9604047559453
5.93360701341225
0.00729914869994106
13.1836180541772
7.91857247087488
29.9837309844634
5.87165161680724
0.00733429297914366
13.1532233013861
7.87315104400888
29.8646929585875
5.88011138024411
0.00764932845312182
13.1231137329236
7.84287373689721
29.8651674598599
5.83318492227412
0.00840618733176757
13.0880290405502
7.84876282127083
30.0174066867059
5.78597501802395
0.00868995740281212
13.042419519422
7.70428417733779
29.7579634099861
5.69973987538922
0.00920270488032854
12.9963460694577
7.69768307726284
29.284863524548
5.65498441573871
0.00976209403124343
12.9600152749179
7.592568769526
29.7907293000866
5.62515263187716
0.0103499628840631
12.933326964586
7.5989941446283
29.5813854094158
5.6213480095205
0.011107161215547
12.8997070956056
7.5438607968076
29.5926870297744
5.52297329727116
0.0118856054701963
12.8542491091739
7.52639640349479
29.6777129895262
5.44671686889438
0.0129433830630552
12.8107811901909
7.46730457788759
29.5841544037652
5.47168298348192
0.0136202872077321
12.766496502644
7.39919667861394
29.1686572760938
5.46888610161773
0.0146045973596904
12.7275342051518
7.3826510432678
29.1904965800729
5.40031284945665
0.0159664522930193
12.6979171903096
7.33878833254951
29.1994711923757
5.35389126169254
0.0170652361692986
12.6478273023773
7.32508983171686
28.5311409962218
5.35754881626963
0.0180410697125038
12.6147611212449
7.27280639348699
29.0220456747591
5.27885708104303
0.0195763956860497
12.5989858630748
7.21336734881073
29.1905156093232
5.20393427780045
0.0205883409022382
12.5514191026163
7.1949119280894
28.7775315634573
5.15168761063403
0.0219971292567095
12.5157494870286
7.14463660685652
28.692074718771
5.21200248348139
0.0236868646637973
12.4629242235938
7.05805773286177
28.8071725329934
5.11744009992532
0.0249580485672031
12.4205144188764
7.05202060742329
28.3118226377255
5.01669833936106
0.0266839129007469
12.3867096642292
7.0041075805979
28.4235164686155
5.01001666071706
0.0280676372594637
12.3693056473444
6.96145109377808
28.5473689904151
5.06268285289574
0.0290130311973447
12.3169306631831
6.91934396328167
28.4203531392714
4.93022668081337
0.0317112389850773
12.2831101058695
6.86993733057563
28.4924061487534
4.90001547731581
0.0329607410050576
12.2518507141586
6.84774542858342
28.4579255298615
4.85548803546706
0.0347647931427618
12.2138330262311
6.84283440166271
28.3007861702014
4.87678549472853
0.0379056827256403
12.1687571441157
6.74803688659291
27.913601318133
4.80110575964449
0.0392277196696657
12.1340123373694
6.68715518227416
27.9203730233029
4.75843764249625
0.0412124189384712
12.1006610882966
6.65259904913819
27.8194859468812
4.71082899589753
0.0427083491390612
12.0754036553108
6.60161564398969
28.1030251738934
4.69437067976689
0.0460788777008417
12.0232308751154
6.5349530571739
27.941180318079
4.65627891638257
0.0480130838566217
11.9874262663134
6.53796368951879
27.782995286766
4.58123402464004
0.0505934521573716
11.9591395300522
6.48093852936555
27.8257744113914
4.5697069814135
0.0525403139134818
11.9118129350318
6.44467960353618
27.480567389185
4.49495530828422
0.0556268809993464
11.8899599001604
6.41291678935125
27.6175780709824
4.522832113644
0.0587733590956553
11.832657331889
6.35230466671704
27.2339753221679
4.50850380549929
0.0603491236740304
11.8107470318265
6.30810680967923
27.5495738772632
4.41586096230698
0.0635664684082699
11.7664758496702
6.29336164212317
27.4915452908909
4.37940594009884
0.0656167969259421
11.7245955697343
6.23053165381368
27.3065488049845
4.37381188882354
0.0693086732370513
11.7018574609806
6.22156751366658
27.4174818593741
4.31067148065899
0.0709350255306041
11.6557772857126
6.1487535104788
27.3615202086051
4.25894688786962
0.0743362357384163
11.6233243487887
6.15441430417419
27.4074709776461
4.24938768576053
0.0772634246032267
11.5833637118234
6.1103920699823
26.9632694655434
4.15805400102788
0.0803535855029314
11.5428318451438
6.02907208790429
26.9128715326599
4.13121343873691
0.0838906816265277
11.5085145258361
5.99050016667446
26.8416266717025
4.12095965858565
0.0862495461112235
11.4772609985191
5.96390249597254
27.0521386585815
4.05875588107373
0.0900849989863438
11.4335333581299
5.94143960202344
26.6902267032724
4.10214106557064
0.0935249052579468
11.4121903374076
5.89414042327175
26.7404068507712
4.03796205157403
0.0968898939588153
11.3683191781649
5.88292250560227
26.686424935436
4.05017357865706
0.0998848152338748
11.3340081019605
5.81846519648313
26.8489831399892
3.96776374218168
0.10463680249124
11.2856742488341
5.7471917212843
26.5207786300393
3.98706874852842
0.107759916867956
11.2615502352352
5.73506081390068
26.514064144511
3.8717115649111
0.11153068061496
11.2258523624241
5.74510814884409
26.4810821852947
3.92333149154814
0.114825013030369
11.1934093895826
5.65791475019544
26.4612891565417
3.89062715793918
0.118408990236659
11.1712157891803
5.65107857434815
26.3971778634897
3.82922902915699
0.122311192491493
11.1091613263573
5.59331905327447
26.1905268270353
3.78112452818403
0.124990210509357
11.0774389322004
5.53740481861548
26.1508394444267
3.79018698515782
0.129552755423373
11.0577180548796
5.49419137624003
26.3774865513308
3.77835546607622
0.133534536873059
11.0063015484002
5.46190103384446
26.1207955782621
3.67890996564376
0.138468238648337
10.979758235212
5.48454787978324
26.2687298511878
3.6647122045361
0.143067369421338
10.9381810280738
5.38451417883629
26.1497294974198
3.64540373935404
0.146676443399533
10.9003548919075
5.32828044117559
26.1180544867301
3.64201154307166
0.153244040724083
10.8649849708884
5.29001071790737
25.8018417486129
3.58943317298304
0.156347140328664
10.8240055858452
5.29706989995323
26.194460045182
3.50831851475626
0.159529592469091
10.8037397414886
5.27901224910944
25.6076045804006
3.4727982286501
0.165716774290428
10.7728022980653
5.20795261097397
25.5399279206087
3.45493558236717
0.170306390668846
10.7279219670612
5.22590994660016
25.9633745670613
3.44417321580793
0.174420544385967
10.6922548360845
5.14645302905036
25.769126902255
3.43825067007989
0.178631603941423
10.6601967753643
5.14551988663207
25.355676499925
3.37891465748359
0.18321320641736
10.6163441968445
5.05926878958863
25.4870854013116
3.38493663252281
0.189191687655914
10.5971382819033
5.03169598819468
25.6611561875437
3.33552719363487
0.193942484354471
10.5603605275341
4.99589083794315
25.4548516661835
3.29399376546527
0.198740742675471
10.5279837305302
4.91145880899724
25.3148202683934
3.22407383654596
0.203532590953509
10.4791282112978
4.90186891359393
25.3320438951756
3.24374430823046
0.207923889926626
10.461385421732
4.93895464560851
25.2133827485291
3.17713232601586
0.213496624857035
10.4240174094706
4.82878645576689
25.0002627493729
3.1276367023537
0.218046119369302
10.3791237689721
4.8192246913804
24.775168255942
3.09536932484403
0.22430858537843
10.3470429214913
4.81095326843835
25.0816909222649
3.10504079997559
0.230777139397388
10.3213629356853
4.79348084623478
24.9379020457548
3.04805731109971
0.234871655410487
10.2852148262407
4.71737458009844
25.1521305884651
3.04116040066076
0.241797979980032
10.246025738851
4.69393080784092
24.5451664108188
3.03995781034155
0.244997803309014
10.2010451353109
4.67411391100591
24.8651124902397
2.96107297911704
0.251697030926126
10.1836309649118
4.57801458674902
24.5937953512821
2.94957502466226
0.256806802336981
10.1512900214385
4.55539988240101
24.5849179199067
2.97363524414745
0.263244736205524
10.1023640328352
4.5576300068774
24.4620806149769
2.92137698916484
0.267651891247837
10.0930306421522
4.50482991978104
24.262188273263
2.87868194881144
0.275005622284759
10.0402822492138
4.45368011322049
24.612077352826
2.8292859087625
0.28052327633979
10.004327612773
4.43149978216837
24.3116570891952
2.81126645319944
0.284926564320844
9.96935150224045
4.4179292156725
24.1215119312372
2.79126193601563
0.291874157759215
9.93556240338873
4.36817437436086
24.2123714096123
2.76457454580739
0.298325136102435
9.91894215995157
4.35788579895613
24.4968853237384
2.76585724608533
0.306956531661809
9.87725926490816
4.31979351916904
24.2251257889581
2.73763980181493
0.311453164681483
9.84289299021909
4.27340598717596
24.276642108192
2.67625737006876
0.316745455808194
9.81394199858505
4.23026273643785
24.2346326196964
2.66112402821535
0.323913803142353
9.77463473927949
4.19225181387332
24.0720483757253
2.64064172289838
0.330885046805732
9.75057811432378
4.15729551546812
24.2192020517785
2.6393608938493
0.337419689680279
9.70777998016427
4.16786508061203
23.8561739660095
2.61072737954523
0.345541600893237
9.67878646845756
4.09839379888782
23.8835385938441
2.57111089116753
0.349129747624152
9.64133173494514
4.08958698051258
23.8042558152011
2.56920252712846
0.356913449484395
9.61536197162863
4.05461383654887
23.3761108203911
2.48116050362462
0.366051298354236
9.56805060239437
4.03300613664432
23.463867545561
2.52046671458847
0.371159554954998
9.55824577548327
3.97979515844716
23.6859628806627
2.4500384244146
0.376955895884844
9.50876877624609
3.97098764635533
23.8138543743436
2.45951466844046
0.383884519049331
9.48141437210514
3.91023990886428
23.6657012153648
2.42102148545411
0.39198817552651
9.44325028155863
3.8813891854501
23.5909992147302
2.42821329442747
0.397503902942651
9.41641514936376
3.85807249104582
23.5026133244854
2.39042195704629
0.406260716167997
9.37503556760075
3.81671272640878
23.4317522605342
2.36024912502033
0.410337384333535
9.35583887688075
3.81773544479664
23.1933526500823
2.34061424882811
0.421158254029339
9.32596749830416
3.77796231106005
23.3070678961016
2.31000838732535
0.427996989007408
9.27590785907643
3.72421318180853
23.0831741542274
2.26263633842049
0.435648145174894
9.24840080659755
3.70351977877781
23.0357112494342
2.23443958727866
0.444704489154786
9.21070292101786
3.652707875662
22.8204128095519
2.25036966006644
0.448877328202643
9.18288729465056
3.64739948880578
23.1841521660114
2.19700632715293
0.457392503102107
9.15684064879805
3.61735248279507
22.6563305443052
2.18935903356976
0.465497457106469
9.12795104577147
3.59492431734561
22.7395220869409
2.19922639337027
0.475110450963959
9.07629274816834
3.56553186492829
23.2459407352656
2.09415125928844
0.482597333813256
9.06243681598497
3.52583951470457
22.7069997515758
2.14526662635692
0.489897142988043
9.04059019365525
3.49491232164145
22.7317973121003
2.11958893367683
0.495701910397141
9.01027683006341
3.46942910573
22.6866797983608
2.11422550333283
0.505331252730406
8.96492789006903
3.41699210069445
22.450585172516
2.05304393406292
0.514614237901234
8.92877951008719
3.4117727439321
22.7502715593477
2.0569116494442
0.521745976293153
8.91692066076906
3.39119238126491
22.4917566633804
2.0371245277804
0.528519644151896
8.87314105690637
3.35112333793167
22.6177442756535
2.00236588818836
0.537518987069056
8.82900096737236
3.30558518407288
22.6185476221393
1.97871133528599
0.544378666587147
8.79681097529138
3.32741635582495
22.2677515610207
1.97945600716039
0.553567296774612
8.79042132694232
3.24670324063945
22.2721230033774
1.92110325905996
0.56310043983292
8.74301825350732
3.23123454097673
22.10972680867
1.96726185490865
0.572457518708964
8.71623149415607
3.18545287373462
22.1637061375949
1.90388978870133
0.579302395263063
8.68229168402655
3.175736325706
22.1667676773081
1.91578368166107
0.5899435073597
8.63470490433829
3.16703833885888
22.1919476131245
1.84406240051157
0.599043388622429
8.62556743978667
3.10979214429994
22.1332814900189
1.87006477884236
0.607766478411782
8.5778160032324
3.10039040488839
21.7087098729803
1.85096567209561
0.618001468356387
8.55802409491872
3.09298446081004
21.8078002815166
1.80153281792747
0.625337498655934
8.51157526711389
3.03885058751829
21.9030954692902
1.79366472169066
0.629854112070195
8.50149129722545
2.9983620584673
22.1941555402926
1.77388377795738
0.643689843008575
8.45397902051134
2.98482267377461
21.8327898451997
1.78537467457293
0.650490424408414
8.4315272412744
2.98468192544831
21.7414577060727
1.72538900775272
0.659902706392961
8.39401717290939
2.92002748124143
21.6055531443993
1.74934241549221
0.668965900930647
8.36349438488098
2.91132250745394
21.8329136893097
1.71024181132969
0.680254224323182
8.34153652656082
2.87593320471412
21.6001098958071
1.63935579559874
0.687114157976726
8.31636468190695
2.8732337432462
21.1888680851742
1.66199975233401
0.695903647028438
8.28842759032962
2.80828385153648
21.122353432078
1.62723183438165
0.708910279358802
8.26107529198855
2.77783245178775
21.390190114098
1.64033846473625
0.714321943581516
8.20994128112391
2.77113143526217
21.2550100298371
1.60926865540405
0.728252887669853
8.18849183482621
2.76869889049573
21.2926820278481
1.59817056062212
0.739156179729151
8.16318368120724
2.74024821574731
21.186441380154
1.59729599430103
0.744371596493672
8.13056475304293
2.70568827916168
21.1275029515113
1.54960639329491
0.754239584625691
8.10098907602365
2.67241787789978
21.1251714299598
1.57928201025964
0.767043772720944
8.05955393691161
2.66039434099483
21.2698448848823
1.50883209520268
0.779015082245861
8.04253175705831
2.60570763964473
20.9820855293127
1.53017827236463
0.783701970788956
8.01867823423873
2.59051371980619
21.1917084316541
1.51502867735398
0.794475100788444
7.99101182090114
2.5848585758142
20.985016116239
1.46716524964904
0.804809272709304
7.96159333825966
2.57483321419458
20.8224536116704
1.44679874034626
0.81555680545712
7.9072267709826
2.53381638839038
21.1713769567201
1.45732491773805
0.829048470969231
7.887557867042
2.51646224598248
20.7310259599462
1.44944767517764
0.839564704038394
7.86854904714007
2.49487011367001
20.9703849577248
1.43659502081053
0.847439939982304
7.83108771288903
2.4616247037041
20.8258526090898
1.42924721373349
0.861488692307499
7.80934936835684
2.4774706983935
20.5011914821718
1.37280130281866
0.870003929482276
7.76557838934965
2.42344827200805
20.9975174735782
1.39579524726376
0.883271365492686
7.74140480202901
2.38003493532569
20.8018019071144
1.36355791379668
0.889690319041968
7.70834289040804
2.36170578970806
20.6938635799979
1.35502327092813
0.901804691828364
7.67060312503844
2.33589902520392
20.6363490592228
1.34322839313211
0.91410113015243
7.64464489890189
2.29594287072774
20.518634807999
1.348056821834
0.922762800251538
7.61797038124533
2.2802904399651
20.4416804518084
1.29824361739676
0.934361399183065
7.6112180937637
2.25232654472842
20.2887045309533
1.30408431790977
0.947668090024757
7.58636719664061
2.24886491171519
20.3262356702738
1.32014307541607
0.957239311102522
7.52642047357271
2.23218077905425
20.2986389723821
1.2509771123766
0.971199081585164
7.51848746333877
2.19181708625777
20.3760572930175
1.28356291814647
0.979066741059697
7.48757542563737
2.16149136049081
20.2407629580103
1.24300415085456
0.993839461609925
7.44674197575524
2.1275433074028
19.9257756380487
1.25619413808014
0.998213904725292
7.40745531003907
2.14219906620831
20.2036336979758
1.21156953045062
1.01117552223112
7.39397359319802
2.13393970620663
20.1565967288097
1.17879459420664
1.02526879051622
7.3619798512107
2.07802421630323
19.972298515287
1.22417449507134
1.03785957426783
7.33831024932533
2.08798159382521
20.0002771472385
1.18845000329222
1.04794117871023
7.30246995611831
2.03653187472167
20.3815485778562
1.16017376633595
1.0622348118971
7.26881599760255
2.01175624877783
19.9176418423736
1.16198781554173
1.07063543960515
7.23701384665941
2.0061323668614
19.6135741720309
1.18125675510595
1.08338373287557
7.22126415658466
2.00162701024923
19.652622464047
1.13039359402438
1.09872974933163
7.19674145497468
1.94961541390155
19.5864431502222
1.12478203853032
1.10592261507502
7.16946294813555
1.93429446565061
19.7958841669472
1.14290785062374
1.12314575656444
7.13297771687254
1.93407530372855
19.8514856448171
1.12766321005601
1.13387485966122
7.11546643275319
1.89712196198492
19.6104328157169
1.13572481073604
1.14396504615964
7.08534620013598
1.85263969319778
19.3708496226795
1.11637016109432
1.15407721652876
7.05226052450316
1.85943007510524
19.5742679545858
1.09084074337013
1.16810636140431
7.0145022237936
1.85728028834438
19.4378813759847
1.06169769418955
1.18488539930351
6.98798187347043
1.79111524961651
19.6682589134553
1.07229445977966
1.19240526134114
6.96999411078977
1.77460013508944
19.3139891996315
1.06529763629183
1.20409328132418
6.93002913724274
1.80401577871775
19.5976267201797
1.06587284113281
1.2147004543346
6.90057170467891
1.76829139208477
19.1698859707519
1.03990504188787
1.23283345749072
6.86966852949858
1.73240609109931
19.4021089946531
1.03216796269061
1.24237016721368
6.84926394558803
1.7007061456664
19.3352629910552
1.02847553654161
1.25799480888418
6.82258605385202
1.72438059200825
19.0491947656006
1.02403253409164
1.27058556560604
6.79225870884209
1.69596493293971
18.8889120832794
1.03809626647568
1.28135972906591
6.7666801380361
1.67655128203597
18.8640060470925
1.00419471370588
1.29474813895567
6.73890024610136
1.6591360374807
18.9377614802451
0.996005599003724
1.3055035344874
6.69862974190029
1.6057422267898
18.833692864086
0.985523962968806
1.32294682867302
6.69398322649379
1.59426495171527
19.201433932435
0.986885200263686
1.33746090151731
6.64809029280553
1.59750804103092
19.0414498258225
0.979156371785576
1.34928126591059
6.61999210368734
1.59189071800146
18.7813908783109
0.962528072628451
1.35998975007303
6.59296730216531
1.5320909733495
18.7671240876064
0.982869750257431
1.37535068906986
6.57200450530752
1.52631361030381
18.5000627776791
0.976059167272138
1.3858026442753
6.54202635829164
1.53385803568219
18.6867445635118
0.9510749019586
1.40076836994202
6.52384545066649
1.50441401496325
18.6036998193014
0.953212462213591
1.41204966492367
6.50672307224082
1.47883263457549
18.6117107332824
0.933186222831561
1.42975518770843
6.46105961485686
1.44335759860371
18.5705173799439
0.937495250728109
1.43739896430675
6.43606565833814
1.45442694826567
18.4755682539431
0.929097064428912
1.4562703829309
6.41680956421974
1.42294249342581
18.4186519982259
0.914255914263306
1.47153203610844
6.37715539966649
1.42147216157631
18.4918782943094
0.919905615946931
1.48111002501859
6.36822122386864
1.38636332317802
18.3120760980374
0.919025384644371
1.49710378651324
6.33312097913888
1.37433969413087
18.3657707107277
0.910918665571998
1.51188337458346
6.29537053278325
1.37338937832053
18.3343432766944
0.893419344075765
1.52893219190027
6.29056635696015
1.3353375494022
18.3715742130352
0.882571763803448
1.53664042189668
6.24764513068103
1.33127062656502
18.3276559979331
0.885601117681015
1.55452497700371
6.24608028857355
1.29584806590638
18.1402655648789
0.895713757953995
1.5682389432664
6.1968355267718
1.29839792627407
18.0238797067342
0.88530950268316
1.58075283057957
6.18611754034581
1.28110840309399
18.0041148724126
0.869325505336229
1.59502382536423
6.14073828709844
1.27184588937231
18.0562855764924
0.880882595954479
1.61106358606765
6.11478925204241
1.25120387237095
17.8946309840004
0.878461102750008
1.62671155546988
6.08447888148823
1.23545644000132
18.1201832826126
0.846263849809481
1.63976011557792
6.06247013944458
1.21934510161167
17.9786600487313
0.882934436597154
1.65268778983783
6.0449005030883
1.20828522044017
17.8190314068552
0.865191273905112
1.67275401771928
6.01221472583634
1.18709942888843
18.1621057388388
0.873402125683744
1.68008807155285
5.98457114415262
1.17577393535377
17.5774611682479
0.841756503031699
1.70207302616863
5.97529920302393
1.16967638712513
17.8647832497643
0.861595488105083
1.71368550562679
5.93720315106708
1.12969697301697
17.6327747518421
0.840345688010356
1.72868360455568
5.90257738724336
1.12701587967413
17.603157346749
0.835784876326989
1.74323579508691
5.87427754300206
1.10012008419354
17.6663246245937
0.850610647696942
1.75951446771143
5.8531051617483
1.09645048589955
17.8265437032802
0.852408617668322
1.77113630667411
5.82845597772903
1.09267955723613
17.7429725364484
0.849072616568095
1.79024825710175
5.80955061568571
1.07991919207409
17.5418744967687
0.842173200135221
1.80484805224495
5.79027061356316
1.05215506994096
17.5239326834725
0.835453432456594
1.8180029914767
5.75924741644582
1.04957024786957
17.6074999506363
0.860061088486972
1.83675754238825
5.73855951269537
1.03726199108826
17.4030930117675
0.837378586604818
1.85007074936607
5.70351661588536
1.04311340869145
17.4523084083678
0.838415480605704
1.86584773582832
5.69657745040499
1.02207104820476
17.4221663633488
0.833880777296831
1.87982764645171
5.66376020642636
0.999007497047047
17.2277694883938
0.846419515949427
1.88825989496152
5.62577463576704
0.978204116525257
17.27065697565
0.825066471191454
1.91079817938253
5.60230582006015
0.960872851592462
17.4735817105788
0.828966841023146
1.92805421849018
5.59421854545978
0.936075843787493
17.2967280682715
0.82103929076259
1.94330812425245
5.54949104733973
0.931806365659562
17.234110494384
0.842967842762366
1.96180722788213
5.53104891319102
0.91418289443057
17.1720160056162
0.848456640190941
1.97662160395993
5.5033052778389
0.900157492931887
16.9955331674203
0.830250680169672
1.99451836375227
5.48254801992483
0.894868169186255
17.048926301296
0.847678383602093
2.01075900219772
5.45641553961609
0.881588483773467
16.9171947748691
0.84635825193197
2.02445208769282
5.43727582124677
0.86781668249977
16.6115640532223
0.840373792800903
2.04269908422352
5.39504960115799
0.88849462494969
16.8237460478217
0.830691853467608
2.06054661089127
5.38152898350245
0.877442036310839
17.0429938440116
0.827693857705321
2.07387399051167
5.35864499484751
0.849842248385354
16.9086618945348
0.8446259364056
2.08737559737199
5.33410370605739
0.837276060710697
16.7516948460549
0.845411505687421
2.10543594436818
5.31559631468171
0.813162408534989
16.772532595776
0.842462880458438
2.12582056378132
5.28648846320259
0.807603571432021
16.6814025256214
0.851044036334102
2.13800289973973
5.25292479628765
0.810377375278172
16.8200953256611
0.84728958647646
2.15158943688097
5.2318136531547
0.785168064223164
16.7519287530134
0.873658599490231
2.17006187046032
5.2025555565379
0.77739855037444
16.702464785682
0.86814883032224
2.18586078613165
5.20171763807732
0.773336325397978
16.5659641152842
0.86423981303231
2.20455660319097
5.17009031103962
0.758344689251181
16.6371195371673
0.885366609028063
2.22133720172098
5.13827568604164
0.759687264691899
16.6760488278096
0.86943909685993
2.24083160486326
5.12158240084991
0.733187591307949
16.4311610734293
0.865922773869952
2.24422940975054
5.09102418571717
0.735409578885409
16.4828467616829
0.882130189003902
2.27659523159329
5.06609226277197
0.733145352006115
16.1601307812231
0.889941116992585
2.29168092222413
5.04814267957812
0.718008681847904
16.5700157782568
0.905246133539801
2.30988404212236
5.02046510550359
0.693468089392802
16.1961071240335
0.885023886211048
2.33220697745035
4.99767963978089
0.710110520931533
16.4063824725286
0.899210272370616
2.34766939417799
4.95637830166398
0.688477313409537
16.4467034285025
0.919189838705365
2.36667237146232
4.95185057394421
0.670196855492531
16.2720092293163
0.913304038786441
2.3785719602527
4.91955528142796
0.675977784460362
16.2409276808127
0.920244138024125
2.3967543112094
4.90857516775078
0.648147082242429
16.244631817045
0.93039801793524
2.40993665698133
4.86771847550134
0.650071725401504
16.0584949745208
0.919982325651587
2.43313542728835
4.85865266103692
0.631094509771564
16.1904659793187
0.919609545186187
2.44709569448229
4.82606852431156
0.636184067446688
16.185198990115
0.925085752271022
2.47205503502086
4.80220681570636
0.613916948419599
15.9918759274157
0.944831719132474
2.48056896738592
4.76574123873243
0.616221707503439
16.0170461891367
0.929381131339084
2.50534038343112
4.76464615672335
0.613733466057039
16.0990095643048
0.947125822673313
2.52711140163041
4.73335328882531
0.609126384851745
15.8787740154791
0.952706441120967
2.53518214559668
4.70013333951806
0.592161407742761
15.8358986038004
0.965472320797973
2.55369445604111
4.68632389402292
0.570619611512073
15.9220025913976
1.00321782635619
2.57987712117334
4.66391029372859
0.585265208727914
15.7808280268951
0.987928864514537
2.59437008108699
4.64144835698002
0.565790038517872
15.7271892546691
0.977381102185444
2.61688066767179
4.6357217672032
0.554038944148288
15.6788368606143
0.99163191296009
2.62842144339414
4.60144355745281
0.56923393442645
15.7069452679
0.976726313143626
2.65705646182084
4.56618371177546
0.545767620016246
15.6733745192381
1.01438510681817
2.66632489002257
4.56547937543698
0.538135035379896
15.5917245616741
1.0323772200886
2.68439898559579
4.54020973973168
0.541275024001921
15.5870530245301
1.02555622959066
2.69917457947867
4.50695249920032
0.539272235971988
15.6581514658982
1.03358854005214
2.72274542905185
4.49555214596758
0.526008030955165
15.4894949202383
1.05154164062179
2.7449500840207
4.47026068527686
0.495463757610389
15.3287684971487
1.06250024448412
2.75714795883067
4.4431585360758
0.515191020978174
15.456345192874
1.07054701926468
2.78253768380491
4.41964740327393
0.501129389186619
15.0686108877245
1.072977858151
2.79861235067654
4.40548108028248
0.491137928701745
15.536038253888
1.07287083592256
2.81882775584074
4.37966696689274
0.492637527540037
15.5577323362982
1.08971603219458
2.84254605551088
4.35313884551825
0.493832518633016
15.4882761410393
1.09838702960117
2.85892087304086
4.33223931084295
0.493641361770707
15.379411769822
1.11121971475514
2.88062666864764
4.29946049055551
0.479203071896621
15.375304781901
1.1030189700298
2.89641412530006
4.29993869530098
0.477970655326411
15.4750972855857
1.13742910007328
2.91760723773676
4.28010554412758
0.480540728694854
15.3667083525936
1.14080255845671
2.93217617567694
4.24484823393485
0.465530149320814
15.3466215682355
1.147745598983
2.95446097573602
4.22678633635051
0.466592801996136
15.3576752519919
1.16681676495963
2.97889021763353
4.20147171548604
0.460300902283355
15.1674068005649
1.17947254617294
2.99576301316207
4.1850002873204
0.449241560090199
15.2890141724406
1.18103718524562
3.01210975354954
4.16911570583448
0.447580131603158
15.2188472327067
1.18054889396662
3.03545925657321
4.13684314977493
0.440199528315257
15.1956245466324
1.21480698369493
3.05889255800738
4.12872088866864
0.437201746139213
14.8798890794849
1.1961506347136
