5.55812150158573
1.75723179502738
3.83532629715806
14.7355621905586
1.37411638032231
24.8777760611035
3.09852465283571
5.23771890322088
19.8949269333548
19.0146923987679
24.9468564373613
1.84728420790995
0.831539346736085
7.26201646891718
2.36641748206981
18.7394706851792
3.06240508462134
0.764543262153043
5.22124981518347
2.4705177047313
10.5790379655763
0.328903642941461
2.93074549856222
13.8133387594759
0.471320922984948
8.03532123173082
0.424857077465325
1.96997577397425
10.5641355089858
0.494119562667151
