0
0
0
0
0
28.8654164626469
47.2027441062825
63.3336198136028
91.9211149467893
58.9812897547568
28.7542790347847
47.0917576728613
63.210615510989
91.7831924143967
58.8430996129575
28.6431239296509
46.9817306564446
63.0879775819835
91.6448358409825
58.7042566142731
28.5323019279921
46.8697141927823
62.9662502079277
91.5064404127873
58.5666282763856
28.422152789979
46.7596502391792
62.8437243309261
91.3662312712198
58.428903792355
28.3112934093829
46.6492747429965
62.7216670672658
91.2300724510152
58.2907174912275
28.2013421424222
46.5391009021732
62.5993376349498
91.0880645052234
58.1520648435189
28.0914921782194
46.4296792292897
62.4766497389339
90.9544155030947
58.0159837186051
27.9817386326902
46.3200368529314
62.3538498014765
90.8169087301041
57.8757309452987
27.8722561857197
46.208208143559
62.2320575681381
90.6790652659801
57.74038920086
27.7635828250372
46.0996659005464
62.1115894563056
90.5395115184931
57.6063703472813
27.6536450417916
45.9904057804596
61.9928018788665
90.400436763778
57.4692951658385
27.544588336194
45.8797238518602
61.8660533790564
90.2620018832232
57.3299163439224
27.4374894469478
45.7724191954356
61.7446440886205
90.1329363414394
57.1923653630794
27.3288176311717
45.6641272040866
61.6287720124129
89.9905191642345
57.0569354622482
27.2188335523917
45.5533210464584
61.5043281463704
89.8493906656642
56.9188693477707
27.1126678136974
45.4432003840957
61.38617558805
89.7124751484312
56.7858321226563
27.0027642241221
45.3372014053178
61.2598261067552
89.5780038109639
56.6519248532295
26.8950224042872
45.2252175022123
61.1433311977371
89.4423699369216
56.5187776514025
26.7900812099685
45.1220364761934
61.0218260471791
89.3026812140118
56.3816881374869
26.6813936991974
45.008809694216
60.8984048420469
89.1671669613648
56.2442626246537
26.5745242688196
44.9035181618592
60.7895561019112
89.0345928061873
56.1042622199478
26.4655675595058
44.7940459845669
60.6590581433826
88.8870302865314
55.9715458380329
26.3622551918531
44.6849791395897
60.5353229279997
88.7502917249677
55.8436018403453
26.2535622806058
44.5774971055918
60.4150322768767
88.612431326028
55.705289895386
26.1491242045971
44.4716922608309
60.2999903294868
88.4833560860584
55.5659718672478
26.0418314016056
44.3569445491437
60.182745898497
88.3437152710909
55.4402500408325
25.9366431702509
44.2566288890593
60.0709057492831
88.2123289740596
55.2958745958161
25.8320790922327
44.1455459567832
59.9436133076599
88.0688270960127
55.1617315461517
25.7261991803716
44.0352462154542
59.814319746432
87.9429437770133
55.0324746512093
25.6199951734071
43.9327913290075
59.7089421659542
87.802260162709
54.8972157644712
25.5174383660316
43.827302830643
59.5807671128742
87.6754262482286
54.7691956072568
25.4120818594411
43.7179182289308
59.4631637662246
87.5321383848299
54.6296022503936
25.3073471317614
43.6104544987234
59.3478329855313
87.4010683401288
54.5081060575612
25.2019334693288
43.5027003414348
59.2313602792739
87.2683306854566
54.3678201823139
25.099407310094
43.395217324834
59.1143829403963
87.1304616743814
54.2352116196962
24.9987659794222
43.2949659603019
58.988618218601
86.997356856743
54.1049106901405
24.8928631624726
43.1908253199298
58.8644398469114
86.876117705608
53.9705116087106
24.7907345565129
43.080564591742
58.7462358302186
86.7199090388307
53.837507716601
24.6898662645397
42.9735236644743
58.6385758914721
86.5653397952376
53.7075484407908
24.5820951898492
42.8753038110681
58.5176533363436
86.4531526997633
53.5789213082097
24.4815704328634
42.7617282635072
58.3991953055762
86.317585292471
53.4294684372364
24.3777072655787
42.6572637923831
58.2785590952044
86.1916422708305
53.3055555712963
24.2777826988714
42.5535864815287
58.1670452656531
86.0476382861365
53.1719678432538
24.1766053949817
42.4469080937692
58.050737154339
85.9182716097797
53.0453420222373
24.0740267989252
42.3411367828321
57.9208038861392
85.7692353238733
52.9185641403837
23.9731742726404
42.2363289266065
57.8216035409774
85.639800930489
52.7727839756723
23.8698799781496
42.13044282672
57.7019399335244
85.5302627827955
52.6483290807694
23.7670245044594
42.0281100925077
57.5767192072593
85.373332690439
52.5293575670021
23.6654911695681
41.9223726256556
57.4532338276289
85.2292767602783
52.3827217654
23.5655424234467
41.8219224903122
57.350048843134
85.1147148308249
52.2688198254957
23.4671835423042
41.7148078083001
57.2276128874354
84.9758861456806
52.1343241695737
23.3697360440647
41.6216464777554
57.1109753455145
84.8619755927072
52.0074771126976
23.2675650705202
41.512898582681
56.9908515325708
84.7253914985053
51.8816018210708
23.1684804998697
41.3955407530332
56.8712115768936
84.5676137986244
51.7530439870718
23.0707627279096
41.2894376159639
56.7552073187832
84.4657798259463
51.6062230049503
22.9719443989821
41.1950300874502
56.6479151276393
84.3135439435772
51.4791135386188
22.8691213668407
41.0898311677197
56.5350223579273
84.1906639555218
51.3625535504597
22.7651971389026
40.9916740730625
56.4162331389967
84.0678269597386
51.2291901205572
22.6713945853121
40.8832877559152
56.2944539805147
83.9210544981065
51.1001945849511
22.5712300055721
40.7748427367167
56.1844043524092
83.7980305762945
50.9650611493196
22.4755681963907
40.6812676547337
56.0548459323804
83.6283804078021
50.8384153258784
22.3785865585312
40.5842441512456
55.9575079840857
83.5282003285199
50.7142190345928
22.2808165717412
40.4804134057313
55.8439591981538
83.3855073537464
50.6000541331145
22.1746983882014
40.3725965489773
55.7135678351713
83.2679151738652
50.447003204173
22.0865778952197
40.268147178189
55.6165876540295
83.1488970470258
50.3200474930533
21.9852429703316
40.160915298684
55.4806850567773
82.9695478547736
50.1910304146903
21.8947130060842
40.0683062382051
55.3623201443234
82.8411451134715
50.0773775780768
21.7862073994341
39.9670960367862
55.2703065789808
82.7203604382253
49.9398986404578
21.6964877181044
39.8713293926869
55.1320065743469
82.5817432683094
49.8137907950705
21.6053048638173
39.7605072486145
55.0289926574631
82.4839904294434
49.6964394233473
21.5017989467078
39.6459121422127
54.9193163444904
82.3636217941556
49.5607047688651
21.4046359693101
39.5423961399897
54.8045719002694
82.1820582508097
49.449517383584
21.3053859670166
39.4648526317158
54.6933890669531
82.0617332664212
49.3093904047482
21.2166726415862
39.3475736523897
54.5681383541456
81.9305406417232
49.1935109723649
21.1192240866694
39.2516016121032
54.443585403661
81.8307951100856
49.0522350561777
21.0249935922191
39.1553959665424
54.3378274747611
81.6601892385755
48.9412027422975
20.9277895648853
39.0618079270615
54.2409537524696
81.5306256295724
48.8043332988307
20.8371717079018
38.9447610121208
54.1298690613449
81.4018056938048
48.6654740040127
20.7408275748256
38.8427530049371
54.0209988691938
81.304679263092
48.5575862393789
20.6463717691893
38.7503126278197
53.904623361639
81.1531035182994
48.4053660813572
20.548965146763
38.640087865771
53.7876819982761
81.0198104688109
48.2935444396411
20.4641176200882
38.549242258172
53.670093508138
80.9282049592862
48.1797707989249
20.3688757959036
38.4404400553862
53.5543288967705
80.7628223521085
48.052534371871
20.271621680032
38.3432602867945
53.4393440904796
80.66275995456
47.9143364275787
20.1756792960974
38.2441885790467
53.3289691245944
80.5338249749416
47.7940207710745
20.0834589635631
38.1499142143846
53.2052510935491
80.3704901770369
47.673018618312
19.9857512667461
38.0413600924152
53.1276639079874
80.2677075664216
47.5542864587144
19.9036896548946
37.9603598480848
52.9871430723497
80.1481775575646
47.4418597976888
19.8033120363011
37.8440911654066
52.8835646524976
79.9825917999164
47.3011693599619
19.7164458093213
37.7497097161042
52.7855717340081
79.8490609934418
47.163920975069
19.6263613353957
37.6470575839358
52.6440568853828
79.7154394054744
47.0539361101051
19.5300932494214
37.5405315947021
52.5496626935073
79.5850649507278
46.9319253750519
19.4479466751191
37.4566844050066
52.4464130495988
79.4636338398476
46.8197116482423
19.3405047827377
37.3552469302762
52.3213917832681
79.3442587937352
46.6752044509351
19.2652984797739
37.257197250107
52.2160944740094
79.225922363517
46.5711383090143
19.1639155118852
37.1539070185658
52.0966933444522
79.0881771670778
46.4340541039285
19.0745378121774
37.043104169273
51.9656405995235
78.9627296899651
46.3183972009565
18.9862193724414
36.9465877983401
51.8768495149374
78.8071153696414
46.1952814303203
18.8988209746966
36.8728050382254
51.7607784027149
78.7315000601745
46.0831366442783
18.8117274201149
36.7720606157855
51.6456216086732
78.5641783017953
45.9374148892893
18.7225151350353
36.6648925191862
51.5587310333143
78.4517307608123
45.8310743151031
18.6283689069107
36.5823595426659
51.4393694302235
78.3158430224271
45.7156872735365
18.5337294240021
36.4609505000533
51.3437255794463
78.1839411435529
45.5796653237741
18.4478279097632
36.3912980865498
51.2152159784772
78.0590418483246
45.4450662104542
18.3627197317791
36.2764865537024
51.0996686130146
77.9288560532139
45.3265878252627
18.2704072472816
36.1916962228391
50.9963108142418
77.7914943232294
45.211924969057
18.1829418466167
36.066269665339
50.8694219430201
77.6529854861454
45.1260017515633
18.0955934785788
35.9865699610102
50.7516303750857
77.5317808717698
44.9812463113547
18.0083250535575
35.8956776764237
50.661361185549
77.4220729219061
44.8479115839413
17.9030845038197
35.8107171482735
50.529287464679
77.3258937927528
44.7355011696346
17.835400592423
35.6819911205054
50.4319070064826
77.1358604597718
44.6201216844359
17.7382975698084
35.5987071503204
50.3433184131993
77.0418373768637
44.4885459184767
17.6557610382349
35.503950244136
50.2140531314943
76.8964568478833
44.3856487527406
17.5676109356155
35.416068625779
50.1291074107137
76.8366530105657
44.2487638441325
17.485056806356
35.3080878671914
50.0143503851375
76.6523000986039
44.1300014391559
17.393114365125
35.2272940256737
49.8923765362593
76.5600117238279
44.017229767996
17.3099766072735
35.1204907055479
49.795100737218
76.4605745391529
43.8972337980582
17.2298561500656
35.0116546889235
49.7020344023738
76.2591974707413
43.7743883364013
17.1362352719542
34.9252102867306
49.5632684852122
76.1678812679245
43.6633538464363
17.0538106875108
34.8407274570749
49.4344411992474
76.0832830419796
43.536048382794
16.9673959974618
34.7252624326497
49.3679148546481
75.868513683323
43.417658693648
16.8796150572044
34.639311984193
49.245758262893
75.769628721743
43.3283742706537
16.7995297946783
34.5385052818963
49.1216951249036
75.6440156543952
43.1772166206502
16.7187814441567
34.457469993403
49.0382844365435
75.5000811179509
43.0617601170732
16.6315387547732
34.3699700246486
48.9125801543225
75.4415883350938
42.963823846622
16.5510369617446
34.2544708056704
48.7979334665433
75.2757879821777
42.8437977138382
16.4638477648053
34.1804047843584
48.6897742930847
75.1883414778494
42.7144396969659
16.374455957859
34.0948335897783
48.5990509876292
75.0763414796542
42.6056136395361
16.295200814127
33.9960855664306
48.515881708065
74.9217276004133
42.4775332401282
16.2122367903984
33.8867365833678
48.3981990025778
74.8057351403015
42.3460694375489
16.1276892746482
33.7939709194305
48.2777193711688
74.6719291975976
42.2695012357933
16.032044844295
33.6896037679616
48.1758685912722
74.5597605126752
42.1103881500061
15.9647917703883
33.6084163953698
48.0998709071283
74.3997541142554
42.0048756064381
15.8777258260711
33.5175214994078
47.9380244206878
74.2999362464027
41.8891838328445
15.8079229866585
33.4098457583422
47.8463284530185
74.1788084747409
41.7809066541721
15.7104887965129
33.3328557405377
47.7403514997047
74.0435244633845
41.6514730874361
15.6325327525361
33.2243526288831
47.6378044953583
73.912687148234
41.5434059708104
15.5514351573209
33.1689395415007
47.5405754695772
73.8027647114256
41.4435180465844
15.467729354467
33.0451988907186
47.3972225356274
73.6795666929456
41.3278062751723
15.393567568355
32.9484696172987
47.3354485907926
73.4931418270865
41.1771115476683
15.2988690192667
32.8723883016311
47.2173033159269
73.3906434691791
41.1058393351236
15.2231635131081
32.7551754341006
47.1244372437109
73.2534422662539
41.0030162832678
15.1478009144232
32.6808884874694
47.0321875473032
73.1639366124404
40.8570981316415
15.0667832792656
32.5881077810532
46.933059598702
73.0419487844029
40.7533641024117
14.9776336992731
32.5074898747152
46.8133943376124
72.9186697740101
40.6250030643006
14.9022613647971
32.4050493396551
46.6914797505094
72.8386541691578
40.5104690865067
14.8181026024864
32.325379880891
46.6096594730451
72.6941964740773
40.3624758353316
14.7473020644908
32.2129258520328
46.4997160554984
72.5191587192228
40.2855398160003
14.6654865167647
32.1380797613574
46.3720920841746
72.4546846544591
40.1655159896053
14.5831890350935
32.0102423804646
46.2715046712755
72.3029197558726
40.0695495569654
14.5002468198742
31.951552486118
46.1931210997271
72.1863602576126
39.943211092084
14.4264970442991
31.8319115574314
46.0717670638205
72.0231120789237
39.824187024159
14.3436952049121
31.78536401674
45.9870635050214
71.9463793469199
39.691287273975
14.2704337252902
31.6595544095354
45.856871261578
71.8006049139643
39.5938362588415
14.1879042932972
31.5618795790738
45.7364519034513
71.7274885521892
39.4755528601208
14.1177457785419
31.4773115218958
45.6410808515033
71.5843401882619
39.3518180284488
14.0387155501838
31.3911126992088
45.5585788231363
71.3881378341688
39.2807483734799
13.9585169962331
31.3050813645738
45.4194583138468
71.3691325411639
39.1233348982167
13.8829843496892
31.2237136540614
45.3263814356699
71.1653395888823
39.0418592266417
13.8142747199126
31.1166420404943
45.2286188600411
71.1563821977872
38.9010926749326
13.7285913443311
31.0553592954481
45.0663859055591
71.0290862510406
38.8202094169405
13.6605718980622
30.9562937280583
45.0177696671722
70.8150628723773
38.6839845980726
13.5786658827385
30.8819711570919
44.9074660149401
70.7391356824716
38.5652119156426
13.5028211077234
30.783181286326
44.8146627007409
70.6454682341364
38.451853451395
13.4305413327653
30.6815291186785
44.7265216088383
70.5075490012001
38.3325301717229
13.342526017651
30.6033325667146
44.5878833972015
70.3440078006435
38.2615966196348
13.280264745336
30.5031567935902
44.4796253265386
70.294443660635
38.1654045282411
13.1954296206778
30.4113937248913
44.3908012576924
70.124418508477
38.0026207882207
13.1192661001084
30.327343706999
44.2849359819273
69.9393255999017
37.9138538229441
13.0397295283052
30.2241880874392
44.2247280757992
69.9141409141239
37.7953090751037
12.9695914132554
30.1788955582419
44.0914300354038
69.7421507397281
37.667702771814
12.8965744369144
30.0353617693329
43.958467218265
69.6862960266493
37.5751939769945
12.8245038812869
29.9924177560031
43.8783760188981
69.566042645736
37.4310052569996
12.7657947484599
29.8774903543032
43.8172083961228
69.3810795909855
37.3456238193169
12.6841378858615
29.8142096892481
43.6718538342218
69.2556390558299
37.2317941549793
12.6019314941422
29.7117641959276
43.579193534123
69.1778300862394
37.1541464662965
12.5357620307332
29.6305776730923
43.4593425150495
69.0494421506172
37.0305783836675
12.458527277954
29.5325793610657
43.3581543108284
68.9998419823223
36.9235717914202
12.3874268802809
29.4580605143074
43.2599899274931
68.7952207333443
36.8216391670913
12.3137365526837
29.3504207838759
43.2011815909079
68.6927104012895
36.7137455739888
12.2460838721709
29.2612488103164
43.058962132074
68.5014703262137
36.6167157579061
12.162170899975
29.1817208094609
42.9602555230822
68.4559000676316
36.479063511563
12.0939228075125
29.1000434499951
42.8331762347245
68.2500641930966
36.3973325527
12.0243647846642
29.0067813957976
42.8037291906299
68.2446176171389
36.2872567605199
11.9535480349565
28.905338933581
42.6537496332726
68.1092477408963
36.1533027067412
11.8746632531511
28.8477775693058
42.5602485513521
67.9546839225272
36.0591357414256
11.8100512002465
28.7474087680672
42.4833465703001
67.8674856291164
35.9443073849985
11.7514689652754
28.6607147726392
42.3873966719048
67.7464903730598
35.8564559018806
11.6733653827269
28.5619437322719
42.2276712030242
67.5668041436667
35.7108201656472
11.6002469237958
28.5035586011958
42.1399142943006
67.52144682366
35.6178472643864
11.519422581464
28.4126279695962
42.0800908426915
67.348036119865
35.5173966166852
11.4608428568122
28.316205779095
41.9618750836938
67.2099451109569
35.4080935695608
11.3926470081292
28.2132550248107
41.8664054528079
67.0895072635754
35.2515096945169
11.3155912445703
28.1373549529053
41.7812907166618
67.0280297953021
35.1788685183931
11.2410605493553
28.0759454748055
41.7012490318171
66.9018261781326
35.0982765508359
11.1793811027067
27.97463113131
41.5560947598986
66.8091924459521
34.979850068215
11.1131128273934
27.897126209398
41.4738715759173
66.6725431649674
34.8944790374692
11.0357906342443
27.8280584594262
41.3941392112994
66.5811763367717
34.7785313242053
10.9663544408748
27.7424728160663
41.2820719328042
66.4397858909002
34.6611523362149
10.8995580328434
27.6443134360451
41.1766102403942
66.308148042548
34.5422684817775
10.8423842345157
27.5441240550304
41.0908726628119
66.205823867807
34.434703615179
10.766091931641
27.4610666652036
40.9506064617226
66.1461461862984
34.3455420371734
10.701513356349
27.390570020418
40.8910788266656
65.9442891322878
34.2144582546803
10.6177517234347
27.3178269262969
40.764442551926
65.8079975981336
34.1216518195598
10.5658458618025
27.2264822625785
40.6889226154239
65.7188135099481
34.0281576120038
10.49363261786
27.1220714707588
40.6017784217908
65.6567287119422
33.9283063993401
10.4243980028266
27.038581962184
40.4873382325612
65.5250352875087
33.8041677969621
10.3640743285657
26.9486158556862
40.3627391575333
65.3376280675809
33.7490575454735
10.3034755610115
26.8679635541472
40.3322969702597
65.2711467879433
33.635206021882
10.2298623025556
26.8081000735879
40.2414566799412
65.0792589099568
33.5160131833203
10.1659287023608
26.6938116550456
40.0717988022218
65.0669223208454
33.4445632964913
10.1054337378827
26.6601148162815
40.0466590096068
64.970653106327
33.3081105072712
10.0470345629074
26.5869086199175
39.9306297959475
64.7938076995648
33.1708613163527
9.96302347215266
26.4833826175434
39.8218096027278
64.6290769277689
33.1331261818838
9.89167036660494
26.3978040291545
39.6738346413634
64.5743188640166
33.0198819240682
9.82825988385073
26.2886803733273
39.6317110586593
64.4035972169022
32.8625969926139
9.76582471237611
26.1874234689245
39.5729239856095
64.4088040847511
32.7714464708932
9.70895399305175
26.1648454324791
39.432336663646
64.208454237606
32.7134705992238
9.64217960792561
26.0693037535485
39.3004626209173
64.1268671101332
32.5583647067201
9.58846967756236
25.9837182520417
39.2414348814604
63.9201515859546
32.4852363353477
9.50948031105245
25.8993548747062
39.1023553619899
63.8900073424766
32.3720413006346
9.46125892456565
25.8030970896853
39.056340608216
63.6754871968303
32.2570972717004
9.39837144885282
25.7229981788249
38.9314900005775
63.749863296515
32.169251540151
9.31181614583762
25.6592940402286
38.8714567344578
63.5394369488026
32.0750173047555
9.25979177097524
25.5459212646574
38.760911139017
63.3190955582801
31.9859710698428
9.19283758938629
25.4668053519482
38.6418580551432
63.3657120551288
31.8531043909516
9.1179297990025
25.4171771574446
38.5796712206626
63.1784907568411
31.773620099019
9.05967643631321
25.3130306347954
38.46682794441
63.0704119171387
31.6759422557131
9.00725206754389
25.2166562764971
38.3241712133495
62.9933133062357
31.5907278336999
8.94823202949343
25.1474349137148
38.252989134575
62.8623515363277
31.4174769331944
8.87486441838476
25.0846058040025
38.1599595702446
62.7672664535235
31.3288379862058
8.82948441152709
24.9985123338037
38.145255251077
62.6316422403082
31.2918668685103
8.77092036551961
24.9039699130278
37.9493344302938
62.563744521863
31.1745454483304
8.70426145872798
24.8368479019565
37.8890050292501
62.3702503290693
31.0560356156783
8.64990952760333
24.7751070173813
37.7928798096893
62.3905052754727
30.9575785316418
8.58889251909585
24.6544727373508
37.6920441602888
62.2130261971315
30.8492823217524
8.52912058498925
24.598353171403
37.5981031772322
62.0903460035305
30.7703427080054
8.46917599666115
24.4992759819436
37.5174573644166
61.9642756276485
30.643724653097
8.39899985343203
24.4246614538538
37.4181679936273
61.8189002237174
30.5311774473455
8.34601226224921
24.3566695961363
37.3634012565282
61.6027308510961
30.4880507660361
8.2820521716484
24.2856061827024
37.2605888712235
61.7460168495721
30.3963598044807
8.22011282338985
24.1897885053431
37.1536527460589
61.5124781837452
30.2671053023013
8.15537527116905
24.1147407136898
37.0317773166362
61.423206102902
30.1996272007041
8.10099433920963
24.0409346694696
36.9419638540275
61.1503516460106
30.0609098099356
8.03802372471731
23.9753144906466
36.8626738623021
61.2042921054895
29.9855416154491
7.97975014872395
23.8584272138311
36.7711900948491
61.0851572741935
29.8482887656666
7.92753504393332
23.7939815605151
36.6395847445135
60.9145217899617
29.7432956765667
7.86124334766002
23.7345013217687
36.587592661304
60.7638558221559
29.6821432907737
7.80662797934653
23.654616776457
36.4949962744616
60.6579543778086
29.5727076838956
7.73635757823957
23.5675632122401
36.3881992351176
60.5703279200149
29.4907664730595
7.69904004474765
23.4639212307224
36.288088480778
60.4837637100063
29.3824616269692
7.63554764246183
23.3931348250351
36.2231096647899
60.3411016319911
29.2447877527393
7.58800780187738
23.3279097783178
36.087654411169
60.2798304571612
29.165937197672
7.52628931756024
23.2372175824545
35.9849689073262
60.1302240284905
29.1044076994454
7.47347541582642
23.1828491438144
36.0030644371148
60.0505813800321
28.9465536437413
7.40857322500231
23.0991095407367
35.8457436044713
59.9658023427857
28.8801137673905
7.36556730376843
23.0365163525438
35.7246340036663
59.7712522663755
28.7794732377244
7.2962557702057
22.9486570144231
35.6885174197001
59.6855047501131
28.6809734036803
7.25280510760442
22.8718367199474
35.5528038506385
59.583804503911
28.5954503243795
7.1895427321574
22.8082758097258
35.4839951610851
59.4379183046198
28.5163720622326
7.12704338525409
22.7314637650175
35.3414266029133
59.3177172609845
28.3847509391041
7.08970044604751
22.6395182513067
35.2800813743623
59.2681182649781
28.2516818201483
7.04035161552924
22.5361454747762
35.1880914473508
59.2222847206744
28.19832429074
6.97990149897101
22.5172347202005
35.0959503394433
59.0760301216661
28.1098213023363
6.92363462678524
22.4192762830556
35.0025718410714
58.9042347394779
28.0719364436399
6.86430104882792
22.3057261546405
34.8885307997958
58.7845229682987
27.9201687663654
6.80212991662607
22.246693621922
34.8244980667247
58.791588356523
27.8569448709165
6.76476249851481
22.2142104122071
34.698623309389
58.584485250524
27.7662425167658
6.67981739552876
22.1110218711939
34.6623338707681
58.4704396258253
27.6113258230382
6.64991931763565
22.0208090586595
34.5329691728868
58.3839854024809
27.5131041998537
6.58497668833841
21.942880220251
34.4294641149401
58.2669134807091
27.4675730742894
6.54170715082994
21.8651020063266
34.4418751497336
58.1316884282075
27.3769643009327
6.49196488173657
21.8092790015282
34.2967165918282
57.9793356252311
27.2650817390642
6.42744492646476
21.7341878235079
34.2165506847977
58.0037998464953
27.1385296616401
6.39630685695436
21.632793925966
34.1410972439176
57.7804782297878
27.1346198820976
6.33904865773615
21.6069706757271
34.0028048495304
57.7304398014425
27.0232263815524
6.27171491581556
21.4760663471884
33.9189837841645
57.6343880504553
26.8542170730905
6.2160203648174
21.416599959935
33.803523795947
57.4082036819928
26.8101182556217
6.17233934593385
21.3700615677562
33.7576250648829
57.3896770301449
26.7275028290924
6.13046987841234
21.2854039381328
33.689987325152
57.2754708138869
26.6381409665998
6.07308307358716
21.1986933253802
33.5812475122367
57.1922939472122
26.5278075460302
6.02395266549024
21.1599051886626
33.480989422189
57.0848897627846
26.4363945628147
5.9699406647577
21.0623055694029
33.4414265497793
56.9561802622063
26.3880620941273
5.9250973567458
20.9856336703529
33.3531090909062
56.8175113510125
26.246368747599
5.87071087554229
20.9168538899609
33.273760986499
56.7909961257267
26.1495097230001
5.82539421488483
20.8767746891575
33.0830540979641
56.6587524788006
26.0739534427718
5.7616079083651
20.7634490086038
33.0511077735837
56.5468181973946
25.9683663569424
5.7359316938138
20.6855185547742
32.925749589551
56.4267871596565
25.9350842427116
5.67527727711171
20.6129914355987
32.8708288966171
56.42868380811
25.7971301589038
5.62636691740436
20.5460631452966
32.8132501516774
56.2833394968638
25.6903468866846
5.57244143981048
20.4872480988335
32.6557462568511
56.1060856715566
25.6410957486223
5.53173086004401
20.4093273706796
32.6562720589949
56.1009410391208
25.4930561406268
5.490251045567
20.3509332376207
32.5345045981924
55.8532973581777
25.4427357643008
5.42851624613589
20.2652271134164
32.4359171063033
55.7539297778935
25.3076265030214
5.3921087704682
20.212179533365
32.3238866900789
55.7115107326806
25.2646256293607
5.33917858301928
20.1033807717062
32.1846203621992
55.4921724916991
25.1801124410796
5.28603655067687
20.0484084615723
32.1594471410725
55.5224094232326
25.0677947932376
5.23728416564252
19.9996128153519
32.0591472881241
55.377678864897
24.9678304084115
5.19965362126281
19.8889319544786
31.990152740575
55.3276622495758
24.8775817428761
5.13736260414754
19.8332808715384
31.914735018246
55.143712121657
24.8299939659647
5.10173113985948
19.7572350149309
31.8616840932597
55.0148260032475
24.7609730292152
5.05469962091006
19.6715400488965
31.7420938523524
54.9805382246102
24.6298994423152
4.99807095383316
19.6461036995306
31.6398514137326
54.7126075349636
24.5842955837043
4.95592300921737
19.5319398266147
31.5863382787776
54.7855628873018
24.4653489939871
4.9149233366112
19.4604290633106
31.522683717584
54.6162189833552
24.335712978153
4.86717089663376
19.396925157553
31.4170291251897
54.5631994796091
24.2790225843888
4.82068510140849
19.3420049824112
31.2729322552003
54.4321017572957
24.1629854144627
4.77967130682789
19.1996923747337
31.2190828903799
54.2767425801425
24.0773194887312
4.74523108322873
19.1650223030816
31.1390189221995
54.2116475974466
23.981896960103
4.68667125597681
19.1131068313698
31.0524189559186
54.0145508890566
23.8846190028576
4.63669376655919
19.0104286810608
30.9261114914501
53.8763950283879
23.8182991177577
4.60017218406128
18.9789296247821
30.888292206424
53.8957393583897
23.75063014521
4.56759600869825
18.9247480038144
30.7916878101973
53.6663847190545
23.6697575147704
4.50637610980009
18.8129575693616
30.7200863035206
53.6164156131031
23.5573001305052
4.47213170853521
18.8072905791333
30.6220750174847
53.5582193430848
23.4548223347093
4.42824897086099
18.7258497682779
30.5344446310452
53.4676625638689
23.4199384714324
4.3822353491159
18.6270498640068
30.3992565958816
53.3328692565336
23.3178373355351
4.33393630629535
18.5585769479552
30.4025408171859
53.3433985781977
23.2008839126431
4.30320393974994
18.4977587070037
30.2808173830061
53.1353644326716
23.1507761017898
4.25194566167811
18.4143544016285
30.2239623556674
53.048032210795
23.0619163936031
4.21019927894515
18.308878124383
30.1741693154877
52.8689845386333
22.9751956575005
4.16960601516636
18.2876523854015
29.9670878872149
52.7751804849533
22.890899862053
4.13427596372695
18.2268196049249
29.9773034227635
52.7742371804658
22.7705809643311
4.09001323685666
18.1443764452114
29.8714789346093
52.6246558138699
22.7391031153145
4.03673621573937
18.0702008727609
29.7959391149866
52.5373556340492
22.5946953354114
4.00895011013587
17.9933882412588
29.6855111998428
52.4670617795303
22.5222729339872
3.96974456880388
17.9482998040327
29.6373705188614
52.3434684552032
22.4590339774158
3.93464379449797
17.8478188992262
29.5471821683127
52.2449667207151
22.3360344066934
3.87978353153273
17.8081859366263
29.4824886274723
52.0908222136869
22.279819337473
3.83818341356597
17.7525579532403
29.348946433369
51.9081360822518
22.1807596285243
3.80176872037847
17.6643252532646
29.2680803726324
51.9138766736908
22.1066111371469
3.75841810452194
17.6053826221626
29.1769517437756
51.9542962082372
22.0247499652136
3.72810400705001
17.5235899756854
29.1710770195471
51.6209564758216
21.9346449787451
3.67870253816274
17.4464845831136
29.0037973990696
51.6312319544868
21.8738978916229
3.64995960066735
17.3684706586551
28.9975520115731
51.4933153140864
21.7320535918411
3.60429046558193
17.3207293720343
28.8992159427971
51.4409753789792
21.6276212701292
3.56729084136365
17.2694758337649
28.8087916034099
51.2470663510934
21.5692763144913
3.52146027094823
17.177103433166
28.6873193046791
51.2101150310054
21.5273305750425
3.4866367161229
17.1329303086884
28.5738183494986
51.0457929741647
21.4068800899373
3.45676049339422
17.0629720166045
28.5544313048677
50.9282963950875
21.3724981907938
3.42255771617497
17.0288914038653
28.4278428796911
50.8471199804258
21.2521439665412
3.37365302769909
16.9398043135973
28.3638128250198
50.7674088627125
21.1739187486148
3.33613758166636
16.8886843246486
28.3608981538109
50.686237389165
21.1552213239107
3.2945696680058
16.8146235126197
28.1805641718578
50.5809698641547
21.0361546035391
3.25706681287695
16.7216460398937
28.1467817985011
50.5360591129889
20.9417244619928
3.21781392629241
16.6437926187074
28.048563822112
50.2799691945555
20.8540701478467
3.18596250788811
16.5650331812144
28.0055619625107
50.2163892473254
20.7963203088912
3.15923945997781
16.5326469739288
27.8620640751347
50.0740689235808
20.6865891883124
3.10687133176644
16.494769047082
27.8325889140645
50.0707946335808
20.5843605669415
3.07635894461932
16.4082501008259
27.7707379790897
49.9474253864005
20.5554903470485
3.03570561025785
16.3451513967538
27.6529419350777
49.8176886587948
20.4495852995855
3.00975276359599
16.2945808195719
27.5829992021621
49.6933937839519
20.335455268177
2.97378553710617
16.2070061343409
27.5000003699623
49.6029748034522
20.3087261600984
2.92286001078525
16.1715332095009
27.4055668484579
49.5388562086672
20.2117982200792
2.91316315070134
16.0977986419064
27.4090974104604
49.3787435457036
20.2005565608996
2.86790716218656
15.9970675414924
27.2408777903895
49.3739402209351
20.0472521506571
2.83607316100056
15.9394806797775
27.1132904115038
49.1203948113663
19.991110939212
2.79816375321117
15.9413785465196
27.1061592266496
49.2130643154828
19.8889479857303
2.76640104463772
15.8048439167264
26.993644815723
49.0855592906361
19.8321595965368
2.73588331311455
15.7735883517527
26.893427942876
48.8807732910945
19.6969514259659
2.6852405597116
15.6937380962591
26.7802793013185
48.9040977930781
19.6746323193001
2.6599344168091
15.6479904951338
26.7583787917583
48.7209519913053
19.5762657118075
2.63645206953389
15.6007096196951
26.7166957206601
48.6742621495438
19.5276807916664
2.59560384270866
15.5151339922756
26.637509911569
48.6469172126039
19.4313711363963
2.56610368625998
15.4443194455753
26.5022255651721
48.4206383185883
19.3510834619264
2.53017441885014
15.3854862128364
26.5175044873816
48.3007441338546
19.2815165619718
2.50180971432027
15.3349353981405
26.3741169718095
48.2344221361622
19.204863158002
2.46182989451819
15.2747271035671
26.3097365593726
48.2022242689796
19.1115365898948
2.43734620519952
15.2316066404061
26.1886476225487
48.165382106663
19.0500154706851
2.39644668426781
15.1092998269261
26.0936406119237
48.0343887862514
18.9431243399922
2.38249047010407
15.0833234320874
26.085476642522
47.7795500111493
18.8889746576423
2.33969416244888
14.9963175874877
25.9832277993954
47.866874892878
18.778775849946
2.30815566715587
14.9310177810933
25.8619149800719
47.6205109021147
18.725737286996
2.26968932408331
14.943515116607
25.8138590930365
47.5330392880754
18.604464336367
2.24371367115038
14.8352572916024
25.7343223189496
47.4869807805253
18.5550832224184
2.21848169893994
14.7517512317411
25.7154124298822
47.36682502863
18.4729030944391
2.17912156014927
14.6852722024898
25.5729101651207
47.3541587585779
18.4291094070391
2.15394474488393
14.6509240159133
25.5192043963935
47.1837436615967
18.341268197918
2.11693498097591
14.6006624780034
25.4661738539734
47.0383480383932
18.2363996377715
2.10248344977946
14.5506286439502
25.3456705452981
46.9915215777258
18.2067939406948
2.06720743835179
14.4495098876426
25.3089100782036
46.8196758261772
18.1318053915371
2.02963483333879
14.3861025004289
25.269181252915
46.8473124653894
18.0193496586284
2.00469615242223
14.3592496583063
25.147841299579
46.6285584379673
17.9669139140041
1.97832551700956
14.2857809998582
25.0924454250678
46.6310126664571
17.9060117569938
1.95257532737399
14.2123603954388
24.9190613566712
46.3722087717668
17.8314343842512
1.91473894192838
14.1634081668786
24.9782353422835
46.4852892431986
17.7365848588456
1.89154385180934
14.1079864887282
24.8527538827763
46.1690365520642
17.6633511551561
1.86484049932088
14.003174956733
24.7293131980054
46.1468787613657
17.5932188941899
1.83056857675618
13.9551329354914
24.7169894133303
46.1136618964938
17.5669635920578
1.81144028200536
13.9532041099377
24.5492838750416
46.0954582490235
17.4379440728136
1.78604317209382
13.8316596948378
24.5919438337287
45.9179827755615
17.4025970957406
1.7583982612525
13.7811062962997
24.5109518543723
45.8286605763599
17.3033475433589
1.73549077386583
13.7047700738887
24.3947204261499
45.5910725203264
17.2142587261419
1.69915918936756
13.691301257244
24.269394252116
45.5221974627423
17.1479070855716
1.67623156992362
13.6463649209677
24.3082401547806
45.4509541502573
17.0469734121209
1.65211483906465
13.5713688161907
24.1783580672214
45.4554979269111
16.9574175552417
1.62310128408053
13.4584236200253
24.1347878352176
45.4504778183856
16.8734156990863
1.60081180363095
13.4777457209708
24.0427758127112
45.2301338994456
16.8343371560988
1.5797781212135
13.3829681365599
23.9327070431068
45.1495983355624
16.7479391487809
1.54531540053907
13.2959551641916
23.8457481415987
45.1064902390031
16.687456553277
1.51987622102734
13.2536874946258
23.7659825934169
44.9370809311266
16.6430877491149
1.49718194729991
13.1957632845624
23.7052759926771
44.8226595967995
16.5815578704243
1.47658919347887
13.1129730998587
23.6106993555135
44.8208813794612
16.477692133933
1.44939245716891
13.0957367580094
23.5908963780851
44.6753602890901
16.3525830565962
1.42514863777931
13.0429196600304
23.459951177471
44.7236843883519
16.3414793835236
1.39387482080892
12.9471469790912
23.3556583131633
44.475594465486
16.2524027959492
1.3786628591389
12.953955652702
23.3619562570536
44.3535750161441
16.1961837510352
1.35382142092218
12.8807914759303
23.2732764773568
44.2721668171708
16.1014628939419
1.32945860487683
12.819968084091
23.1931964447877
44.1616150743752
16.0295492447806
1.30329006453025
12.7409017676642
23.1205683662301
44.0739654498602
15.9518013090223
1.27604551786862
12.6790186236348
23.077210521551
44.0359502293535
15.8696689058211
1.25362472161897
12.6412218562019
23.0042890449228
43.8863405913616
15.8625182925421
1.23377475395092
12.548026441523
22.8137309690099
43.7862728927981
15.7432521329863
1.21267360721042
12.5207018769507
22.7379369789327
43.6147783407849
15.6734113497839
1.19427950254514
12.4712391944526
22.6813632753413
43.5271783041961
15.6335872328534
1.16257868603662
12.420519768529
22.6778760272078
43.4400853092109
15.5320288623586
1.1482721610159
12.3492444297606
22.6813578659181
43.5582074689768
15.4799279976087
1.12885094873978
12.2823590697741
22.5070891075034
43.2609537271082
15.428144377417
1.10753619947751
12.2264634652328
22.43263913357
43.2948684623749
15.3709556367842
1.09159425380207
12.1476068261434
22.438175673473
43.1661421308512
15.2252618493569
1.05927401738351
12.1235181114344
22.2097989544936
43.031283366581
15.2386471385806
1.0476523389267
12.0343187893464
22.2254215718424
42.926824123066
15.1149770310509
1.01139380571985
11.9889191522978
22.1281027424304
42.7819857036932
15.0514165559686
1.00187143532581
11.9716832184317
22.0491434178879
42.7975372408452
14.9788214559407
0.985669979120802
11.9216246013993
22.0223649509418
42.5458386933099
14.9185550645597
0.95844163828402
11.8623939167611
21.8978008066612
42.6036425871289
14.842578625377
0.943982080295633
11.7883686633766
21.8935002612479
42.5169920848019
14.7739601792312
0.923441311754115
11.7686166624108
21.8463609160913
42.4388631801911
14.741489305613
0.905913753297103
11.7066788519176
21.7727727690253
42.343374839639
14.6483198638685
0.887630882090291
11.6273474937592
21.5890865251563
42.1489732236496
14.5904876385758
0.870381417302589
11.577130660915
21.6300314081522
42.206047919173
14.5058303787304
0.860130258012323
11.5662769833353
21.5448540556602
41.9949984374368
14.4465116507455
0.833014242302424
11.4634076552154
21.4473612172025
41.8891920553848
14.3806209991746
0.811827916666685
11.4009571049992
21.4066472191948
41.8568591704069
14.2898690535954
0.794676273631181
11.3648846859602
21.357574101974
41.7730318747972
14.2351195714066
0.777511233203221
11.2792106694307
21.2047403865138
41.6166597754307
14.2119616200808
0.754873593303501
11.2603264556709
21.1819437360565
41.6005478459825
14.0812379481142
0.741657833423036
11.2102382575358
21.0808567016532
41.5821298581607
13.9847341110245
0.729302126295568
11.1156413337326
21.0303415894587
41.4458173935287
13.9625794521732
0.711966387432844
11.1035612781275
20.9442400277732
41.3526972409521
13.897599509964
0.696050420723163
11.060516264208
20.9393054691044
41.333606166939
13.8492875873102
0.680895619880361
11.0140143071921
20.7931567842768
41.0611922885305
13.7430113475782
0.660378552467938
10.9693890144601
20.8249726457877
41.0487667676133
13.7451275475835
0.640482428551312
10.9010886421208
20.6443014593598
40.967681576502
13.6465043264164
0.624663237973689
10.8186305293793
20.6404860481888
40.9226134904435
13.5383716212953
0.616117404905046
10.8064774457297
20.5975374173738
40.8229298195279
13.5108068486014
0.602576741119243
10.7402470834081
20.4795504113981
40.7180176256702
13.4428404102943
0.584877237476081
10.6879591999757
20.3970045522294
40.7275740696246
13.3999799690467
0.576090136193989
10.6376168906269
20.3121539873185
40.4549579383305
13.2973411161517
0.554309142370075
10.5712507753353
20.1782672022815
40.3459968820754
13.2655623302868
0.541010113008088
10.5001320833637
20.2315250536911
40.2379116015064
13.193147270205
0.529432657904525
10.4812177612703
20.1416209687219
40.2639357716844
13.0923977665609
0.507731120711123
10.4041689364519
20.070581872616
40.1973796991366
13.0217955864393
0.495048664197414
10.3815710769089
19.9535574284365
39.9988505217484
12.9441348115834
0.486231428326462
10.3053547548734
19.9418330882876
40.1069595646075
12.9180893998436
0.467633274815649
10.2628422208693
19.8165568166103
39.795667223096
12.8760187485105
0.455292251434005
10.2100936156144
19.8009427798231
39.7624507610004
12.7915870621679
0.443694106817784
10.1510108593336
19.7050126503801
39.7497236766288
12.7489828610654
0.43324417132625
10.121674555301
19.6436796977786
39.6843028439676
12.7458606244433
0.424155834454343
10.0333194787153
19.6249263486382
39.6373199669739
12.6515990951698
0.406967437510782
10.0377827683765
19.5163612282413
39.4251999234962
12.5300856652843
0.391718728821356
9.96544865770517
19.4571669570758
39.412219734541
12.4755108555866
0.382114046616181
9.87381662870757
19.3844109312104
39.2399822391912
12.4229194506571
0.373030898771281
9.85502318348795
19.3277129089857
39.101188820043
12.313904655558
0.360554834388147
9.81582005655056
19.2882376113493
38.9906646839643
12.3017742790284
0.347581535445713
9.76009685339297
19.2007043350229
38.9861110238235
12.2024366034589
0.336061505943172
9.73313217588906
19.1393152467873
38.8873555146266
12.1561748579565
0.329818211782629
9.67492637541205
19.0963416288742
38.8714331241483
12.1144842923875
0.315062587192074
9.58811237424731
18.929302800554
38.8709805360077
12.0513100638774
0.306677881347375
9.55236220839645
18.8803439703545
38.5964329715913
12.0043074772253
0.298574808371047
9.50723163065767
18.9113836636101
38.5819666827616
11.9067178191978
0.287732601406459
9.48181253652415
18.8587338177644
38.3088886661992
11.8666496039697
0.277981363637857
9.39920657371552
18.718126621569
38.4248782548765
11.8496858756725
0.268581307321653
9.34423923675619
18.6240363825326
38.3480142506964
11.7101760094159
0.261700050589594
9.35297956042468
18.5431639927106
38.2289064786449
11.6670442188671
0.250621797415613
9.23237853404613
18.5026147599865
38.09279743511
11.6038919298821
0.243807360419783
9.20392676668856
18.4147127345171
38.1028850185826
11.6075780688039
0.235210852799648
9.15399405130991
18.394869615603
37.9615146990101
11.4909225363147
0.223600584751366
9.09763804638236
18.2826968537516
37.7444086022014
11.4269374123052
0.215220606198499
9.08588992453732
18.2720331454392
37.8187366994588
11.3726572158963
0.205898972485126
9.02042238250662
18.1407362258596
37.6365090012222
11.3203611141724
0.200959164675952
8.98459342925593
18.1619770542447
37.5016833023153
11.2456333985657
0.192019529694237
8.95481566898907
18.0700519189186
37.4217585237454
11.157175102701
0.185243656309561
8.85490997156865
17.9784258373384
37.4602004180148
11.1602897347662
0.17877489732217
8.81426605102388
17.9759136288936
37.3486153436691
11.1207137657139
0.169662754939712
8.78417613747264
17.8685169969986
37.2098488239146
10.9805419943366
0.167944316442666
8.72814117057356
17.8612957309999
37.1860484998622
10.9704089456089
0.159230243306969
8.72105560780562
17.7461961284859
37.0989372012077
10.9484734598364
0.153164898274627
8.67821587955998
17.7329970332485
36.9455668920907
10.8309784248847
0.147176652503093
8.57261467347448
17.6283590379406
36.9884868125823
10.7997232917558
0.143104967471776
8.58014443632005
17.6199253963233
36.7433800008023
10.7042684227971
0.134321556698556
8.50260918487537
17.495877538261
36.6548533005652
10.7156588103061
0.131128281988663
8.46949375730881
17.4583162002472
36.5874829816439
10.6386388253198
0.125320337879953
8.40343932610833
17.3604807092609
36.5304745775576
10.555171185755
0.119291306191555
8.37098834343186
17.3073247355999
36.3962713079033
10.4790870044925
0.114970394276355
8.33085198573255
17.2388071601653
36.3472297171433
10.4338015928306
0.111993588734345
8.27975016975128
17.2030952573292
36.300498109029
10.4086373573846
0.106193267868401
8.21238840397912
17.0763811840837
36.2583280293353
10.3458457838578
0.101585713733323
8.16791325560589
17.0357892982016
36.0364312559017
10.2695266662327
0.0973808154492684
8.12259639923972
16.999704177477
36.0453347523148
10.189260789735
0.0957387530780364
8.0641429123191
16.9037196170894
35.948888918762
10.1471144655584
0.0901989517880767
8.04025058455737
16.8589810299117
35.8861745935354
10.100164290617
0.0905907292977481
7.99536221484665
16.8105156480609
35.8546402677578
10.0456643453042
0.0861944423130886
7.94457779341183
16.6672939423375
35.7432341498142
10.0315102757988
0.0815979170304576
7.91725374102786
16.6938626050469
35.5070763166122
9.87379432131643
0.0798517382595952
7.91042690798153
16.6426263482844
35.7180584689863
9.91925198510745
0.0758483432609294
7.80672546241774
16.5415984496888
35.4703790718268
9.81259035596406
0.0753769350162926
7.79964418924199
16.4863691260706
35.3593822805398
9.72934218919636
0.073365153579778
7.75782730836473
16.4914815374428
35.2824321037694
9.70123886825492
0.0708426832119205
7.67685935756989
16.3069779854055
35.2187312617232
9.64242454095671
0.0710614499007113
7.63651994223003
16.3179219582279
35.1552765594878
9.62038071874193
0.0700857616930373
7.61198286335754
16.2534739738497
34.8433484445714
9.58511055641552
0.067057784444677
7.54950198154259
16.138335720703
35.0228371039695
9.46449555178443
0.065349456635313
7.51083530601746
16.1760678962605
34.9170545171363
9.41559522731303
0.0666279471257551
7.53419150867728
16.0313888345401
34.7215784660792
9.41905984504523
0.0665742376441681
7.43504341290939
16.0298117842741
34.5978877368835
9.34438581347991
0.0653924494705109
7.39336246473909
15.9345318036652
34.6144008440039
9.25357957826038
0.0664528398674802
7.33895481101461
15.8880509594713
34.5082484315519
9.21101812911494
0.0660553015570034
7.29613338451169
15.8315913653998
34.3695668978295
9.19289072834279
0.0654415465864011
7.28559744904962
15.8349936540873
34.2462436236535
9.109854824485
0.0675871253432062
7.22934597827532
15.6975657124399
34.2639089464076
9.09528727155144
0.0674021393247491
7.13917685017549
15.6754750854018
34.2447900405781
9.03326782832229
0.0692342871781967
7.1230365758807
15.6380776537202
34.1970286383604
8.93943190959747
0.0702575276129326
7.07285980471823
15.54747420062
33.9631173533285
8.83770652395225
0.0723267625748442
7.03512420581243
15.4446337136105
34.0406758374527
8.85886753627186
0.0734304078636783
7.01193567565763
15.4193440370806
33.863486337521
8.76125226467646
0.0764994728334581
6.94856231525187
15.3221974346865
33.8677771293863
8.77052450971933
0.0774710700343045
6.90453548307488
15.2394263475641
33.830125950544
8.70980864505401
0.081176075271883
6.86661106143532
15.274338362291
33.7257248070368
8.64601986831616
0.0839668939821187
6.85307772922932
15.1858324930839
33.5408628093746
8.57297023828728
0.0867604982413118
6.79618307030835
15.1454964660352
33.3953591744549
8.544053935191
0.0906711795388619
6.73659160726975
15.0760473309069
33.2325044072873
8.49106362187337
0.0924654078127496
6.71999217888901
15.0119200019296
33.3094782327543
8.40915378971544
0.0942524843083732
6.67656172427415
14.9549317208214
33.0918942568742
8.36916755548559
0.099544603926898
6.59924207208688
14.9427846652902
33.2667654075335
8.31573638159021
0.101549702847342
6.61458428631912
14.8592477319152
33.1620511455238
8.29913813091643
0.1062795467233
6.54122153510213
14.7838665041904
32.9215173933663
8.2432101288911
0.112945026672803
6.50161232010647
14.670989050395
32.7460903309975
8.19731342820706
0.118262353860524
6.47744313837247
14.7495101334092
32.7579555464364
8.16067147800868
0.12120961812255
6.4238221224732
14.628379533934
32.6467734931491
8.10047150692457
0.128423877994291
6.40508614079204
14.5306169883772
32.6045407601178
8.01495247663241
0.131489134404575
6.33889537519399
14.4963460926035
32.5577993599956
8.01360052514346
0.137824902053816
6.2975158349797
14.3385586719096
32.4908075616689
7.93363885988753
0.142056720604229
6.2439249854162
14.3605781586208
32.4841219000595
7.898752365141
0.14632694530358
6.27635767655976
14.2683998246785
32.3295580883537
7.81804683496803
0.152423876066619
6.19546905428714
14.2325882904409
32.2376688494864
7.81771067249739
0.161057717171775
6.16606814342635
14.1492839310634
32.1838300497501
7.75289920820542
0.166967248095966
6.11220751318185
14.1195094739389
32.0638228473518
7.6998309606667
0.170062172899101
6.03558206563245
14.0561085246506
32.1143216375871
7.6916338865446
0.183083161427817
6.00638048283708
14.0590902478807
31.9161228755003
7.61033236064098
0.185862032240184
6.00215875688222
13.9530458592499
31.824480423093
7.55204292402984
0.193497867154203
5.97037819066542
13.8482710428296
31.6934093876775
7.5115382442908
0.198668507985148
5.90300104242979
13.8555453428954
31.6693908572706
7.45741093871758
0.208459300842426
5.87085484475147
13.7659232313555
31.535717907654
7.40954904963212
0.218682123686823
5.83896724284225
13.7476429034909
31.6090481300911
7.36534701638143
0.229913488141817
5.80329432942665
13.696941816137
31.4700332064999
7.32307557886244
0.233419309841328
5.77193573913078
13.6384411189527
31.4314984147425
7.27092519492419
0.242063764983339
5.73393970289655
13.5829161880512
31.2356184306164
7.19602478086959
0.252019426515123
5.65952623079673
13.5431416597546
31.2671816112964
7.13831964478867
0.258823840115924
5.64942027093317
13.4800567724262
31.0176877101802
7.09163138737495
0.270465099812312
5.61619869997024
13.3830229370484
31.146716994233
7.03198457810113
0.274060083790746
5.59024749447591
13.3474284222189
30.9903149031464
7.01543456011365
0.288327850560526
5.55688863532444
13.3046388880413
30.9119997524968
6.94482252636945
0.302910265091965
5.48287939602353
13.2112163932653
30.8963352884667
6.91556618057994
0.3087430360737
5.47139844847702
13.2105597461029
30.755809188906
6.91670260615915
0.321162910646508
5.4503079157479
13.0993688014178
30.7881465907155
6.85117888538197
0.331301447526229
5.38616083111666
13.1189457506295
30.4232705636237
6.79079712086405
0.342024963391058
5.38908115085331
13.0742722894376
30.5015449319293
6.74379231524412
0.357547178102128
5.32351162719591
13.0118602708819
30.4780314613665
6.66847908013983
0.365798765556936
5.27301412554964
12.9194830908355
30.3379160376526
6.63514570915937
0.379585263847472
5.23192423965069
12.9265575763529
30.2485398140056
6.61705598568224
0.379440545609163
5.20396591143097
12.7787203565176
30.2264983463758
6.53210852107097
0.398511720209903
5.18905568846331
12.8005406045317
30.1155807606939
6.5145437063378
0.408920074388391
5.16413412718397
12.7196962859737
29.9988971048773
6.50670780851264
0.419016985822355
5.11924046049851
12.6581618443679
29.9489202130692
6.46927366393371
0.439779296453255
5.09172960186242
12.5966733239625
29.8986236058653
6.40583464096233
0.441802100914982
5.0407780199401
12.5090873748262
29.803085003847
6.35570227536701
0.456040981085263
5.0121812949899
12.488422915612
29.7279290273266
6.31818543209239
0.478773624139293
4.98258060785223
12.4406226047183
29.7695633619895
6.24061379388951
0.488505276097802
4.91853328304583
12.385952375814
29.5657945638201
6.21543994541077
0.497415138302136
4.89529805395084
12.3514416714035
29.5634105381404
6.17389926764059
0.521613743375138
4.85813332693858
12.2643044638419
29.4886162756009
6.1157942731693
0.524729548374314
4.8331660005561
12.2224974834622
29.5392331275186
6.04877147997713
0.542517962399053
4.77076511667903
12.1304060849786
29.3823388525948
6.02348128586675
0.561805507641374
4.77124121640577
12.1032111390949
29.2939707408043
6.01093904032231
0.574021283400277
4.71893349217551
12.0850710351481
29.0416214343196
5.98152361523716
0.585417919805148
4.71653734054501
12.014914931692
29.1142617787606
5.90187134555343
0.605409934204187
4.6520060480744
11.9373575616407
29.0490733509474
5.84366821062146
0.620119180135064
4.61447315259502
11.9220947123897
28.8106043824627
5.85245540825886
0.632394298838526
4.58454793868638
11.8532291225626
28.9037562599085
5.78246022542764
0.650100344869587
4.56765569530939
11.7630424613414
28.8245062078405
5.72879740161424
0.667964448712107
4.54040995297997
11.6925631905235
28.6961278707115
5.70477141022649
0.679759101403196
4.50152788110047
11.6962849710814
28.5904596038721
5.68048197410896
0.70173777496847
4.45941922745602
11.6678169556897
28.4563992984851
5.63538442692035
0.710052982617061
4.44220307195982
11.5838049949485
28.4627719449671
5.59504497903085
0.736348046262196
4.39181127306803
11.5398368697455
28.3685770855608
5.53109867207722
0.740057331365003
4.36261802995056
11.4409298743681
28.42448184952
5.50363957035066
0.765737499210368
4.31466746836626
11.4294438916404
28.2828742898664
5.41369719923083
0.781030222829558
4.30044625050378
11.3593933476063
28.2120631310374
5.38688450646161
0.8042658564095
4.24446551325409
11.3439271904141
28.1289604950242
5.36956230544414
0.820275100220498
4.23857194146044
11.239725873169
28.0840225361212
5.33409294449218
0.822991239075603
4.21550334098214
11.2353713562453
27.9547175737354
5.28634195596217
0.847539202520263
4.19043854664488
11.2101929144571
27.8034846625284
5.24023287578866
0.87076648158129
4.13404699407468
11.1791300054145
27.9149436958643
5.21963829567288
0.888229797819332
4.08808102928208
11.0875137653559
27.8667777326922
5.17574233449805
0.909466438340595
4.05996696419414
11.0449688158678
27.6790234162145
5.11983122580556
0.92551195231141
4.0441438975352
10.9971504642907
27.505930976279
5.10693410374924
0.959406597125031
4.01025054235383
10.9549275438411
27.4765549521844
5.08351663689395
0.970026667773095
3.97829698793071
10.8946863155582
27.5352725441674
5.01813058736163
0.984475591516743
3.93346656715589
10.9218755497336
27.4221192375463
4.94321776939556
1.00387498535835
3.91773296012067
10.8089919518971
27.2508904194403
4.9644845038114
1.02406394417447
3.90048609956678
10.731762519787
27.2065012690244
4.91122179383788
1.03687288622068
3.88395956952972
10.743847113296
27.2647575696836
4.88382012366479
1.06549946674878
3.81806743793438
10.658326218806
27.1142852370551
4.82268039792331
1.09079964127051
3.81364905869308
10.6290051658135
26.9284997826153
4.7914711359728
1.12605095016149
3.75761838427963
10.5989795122407
26.9778860151953
4.76825689336961
1.13467989626113
3.74986955616985
10.5166987930635
26.9021868741618
4.73332655919807
1.15910182659748
3.68895638265004
10.4421258897905
26.6694258460454
4.66097269486732
1.17503845332359
3.6766256830102
10.3974343408487
26.589171895886
4.67413252277405
1.19710420463118
3.65389263841299
10.3165833402808
26.5544283532042
4.60734841994889
1.22745099224696
3.57383296469839
10.3313630750974
26.4849636048087
4.55625510052922
1.23974663516626
3.59468130128515
10.3012548823573
26.5513774411312
4.51239104540437
1.27124714878758
3.56414717630736
10.2426957889725
26.3622862577388
4.53111029294177
1.30383485770125
3.52883883413458
10.2258040665961
26.3255937947497
4.43088505274758
1.32650379832877
3.48776458394363
10.1406411398474
26.2875755207123
4.47560019318957
1.33963058907606
3.45028325943294
10.0445629960852
26.330525205484
4.34551842253895
1.35916390446739
3.43278575430437
10.0121886338991
26.1938065057061
4.39039111766084
1.39080725003598
3.39691222068675
9.97085166589841
26.0483654050466
4.30343689982475
1.40324016387731
3.38804159860583
9.96015453602156
25.9508261934035
4.29814427546965
1.42626184171267
3.34179483283569
9.92406932910829
25.7712171142236
4.26593351155362
1.4492357455116
3.3231025933899
9.78258318045439
25.8344862393832
4.2004535704789
1.4646941439929
3.29399234681659
9.78466114569989
25.7644911398184
4.19488606349713
1.50321646851865
3.26942437295792
9.73611809715894
25.7527133311733
4.13623234112236
1.52595326860614
3.2707643215812
9.70381363607176
25.6068190636687
4.11295432121429
1.55365522341724
3.20303957294048
9.56676431286205
25.4689211722029
4.07287614461698
1.58030437359147
3.21249094404392
9.60850370310967
25.6089404699206
4.0273284668382
1.60520449011621
3.16752356195805
9.56270354234963
25.2985996502126
4.05924693047613
1.63156335763476
3.14106755713727
9.50147099277804
25.4703832505851
3.96197076875485
1.64438821979827
3.11378045658665
9.40434455171754
25.353349175572
3.97264525268524
1.67237265906178
3.07734900032286
9.4083430165463
25.2349714953196
3.89906502547247
1.70965710338142
3.04932713036465
9.37272587265332
25.0040797249313
3.85329754875156
1.73092867078661
3.028343219946
9.35490806735704
25.0290106351238
3.8172750375514
1.76661647583527
3.01404147758227
9.28499420417706
24.9691711239692
3.8005570335756
1.78220710306912
2.97447153943497
9.24461072990389
24.9208360850245
3.76648407162276
1.81890207479337
2.95895908987172
9.22962934127831
24.9826372975611
3.75323786288567
1.84678563343959
2.92398136414061
9.14104279110249
24.7838662577882
3.71589578392089
1.88487751425825
2.88523523679384
9.11671831242483
24.6292009758766
3.67089274745878
1.90069351497407
2.83897353861209
9.07642987229975
24.6471675907508
3.64011245726856
1.92397215058284
2.84861456277218
9.0753917799855
24.8238596462599
3.63809809369839
1.95322075332093
2.82992054560581
8.9569423939435
24.4213676473521
3.60509232411558
1.98677808786032
2.81216968836048
8.89764510449571
24.4753301425672
3.54775900963147
2.02388436532534
2.77051794523119
8.87444207757638
24.3439987689624
3.50911359357045
2.04580437331551
2.71847901410579
8.87784373344595
24.5041460206659
3.4858857684361
2.06955942532111
2.69823633840979
8.77806139846022
24.2598183419937
3.4448081736923
2.09762190290172
2.69767006803005
8.74605847173307
24.3924869411157
3.42469578301185
2.13437472728473
2.67328134617102
8.70953010215551
24.1108650438261
3.3573191703032
2.16049394871666
2.64246782371097
8.64791230678351
24.0666478338059
3.37255794235044
2.18818528424981
2.62601765193348
8.58379399551238
23.8788777867825
3.28644902424598
2.22043982433555
2.60083309520074
8.54059120693386
23.8489465941255
3.30077124281928
2.26649134472942
2.58663602978645
8.61926351339612
23.8074724829854
3.2751231912901
2.28459051316849
2.52685400747795
8.43540190154713
23.679611425961
3.24463556421778
2.3370030160641
2.53405282672374
8.44301493455479
23.5984439904118
3.1849617516053
2.34409620800315
2.48323366301293
8.3937964863006
23.660968806636
3.15963861973676
2.36278385394085
2.47951569765514
8.32205282692334
23.5824117778636
3.15001002475475
2.43134559702075
2.46461778823333
8.31734529597443
23.5271552020254
3.08306817687493
2.43552630581615
2.44068239655809
8.27049051873627
23.3887171471293
3.06473552374582
2.47066942549219
2.41235655260829
8.21724390108609
23.2334824197316
3.07137915556098
2.50665221765784
2.3821199383669
8.19814178888564
23.4319361923795
3.05417483053423
2.53138244744505
2.35408779272806
8.1716556602844
23.3830508691576
2.98863146956035
2.56801791157637
2.32962292599166
8.09270007635862
23.1542792487919
2.96420181106601
2.61280452645405
2.32595603966664
8.03949365253585
23.2005201289904
2.95519355273292
2.6309865823168
2.29291801651084
7.9972408719968
23.0392975854403
2.90068227849347
2.68801598005875
2.2573550737641
8.0181014222842
22.8620078181715
2.89138794543153
2.68987229994913
2.24179519799765
7.94277026158325
22.9051895880927
2.85150132453554
2.76086069876686
2.22144257240686
7.88860235994457
22.7236836616861
2.81705494744979
2.77130620744906
2.17758285648183
7.90731290218097
22.6070234819125
2.80591654141873
2.80118211266449
2.15412318985155
7.79783019127131
22.6757140513624
2.73352285334455
2.85438692405812
2.13414012786214
7.77287309394306
22.6040463830137
2.75277870530438
2.88873865130508
2.13831176854233
7.75652249166603
22.3715137273264
2.74914367464588
2.92623096764329
2.12638103224958
7.73505137527085
22.446459879963
2.69494951230773
2.95277696271445
2.08461334418368
7.6800373750562
22.5675423705259
2.66728020285982
2.99073608904504
2.07543467583332
7.60246156381695
22.3760458276661
2.66468952424705
3.01097530258462
2.03059255751827
7.55180995282628
22.2734430623448
2.61286729082445
3.06421914612143
2.02504602082141
7.5423633947871
22.3768969215688
2.58479889486555
3.08017192461789
2.00817127604113
7.56715223620205
21.9745818527196
2.58275779087698
3.12952667799826
1.99581129483047
7.45877895125744
22.1179441142133
2.52445042119512
3.15079363659323
1.96193540612088
7.3851886719969
22.1084426051977
2.49606470274542
3.21117334394465
1.93306881184446
7.39245564300172
22.0292357451716
2.50216573516222
3.21350373592877
1.91258393866801
7.32727970916269
21.8584626432131
2.44702353818372
3.26869508867994
1.92683744251437
7.29153529705343
21.8562677403436
2.45098383730361
3.30735404217388
1.87087231021373
7.25552084235359
21.7938325621626
2.42266336128726
3.35362554342276
1.86809238380007
7.18852965807782
21.7323371852954
2.38763880191392
3.39686179103262
1.83181563287744
7.15512599086928
21.7193805726833
2.37723050905526
3.44367685618026
1.83980123042454
7.10691988566777
21.5451735085087
2.3145073887258
3.46729828103189
1.81056870935264
7.13199379997591
21.6362798114019
2.31156449228869
3.50502634324828
1.77397852422009
7.03315125272184
21.5756212360685
2.27748624816972
3.55218952812519
1.77355456027331
7.00475394243076
21.3914904359802
2.25293641880093
3.55095996763391
1.75369863103547
6.99210966197841
21.3039948739379
2.2427006594421
3.64090003150011
1.709600357649
6.92085367101405
21.4213242616932
2.22058941197509
3.65336781306871
1.68928076705765
6.91438751072521
21.1247548031459
2.18143495902469
3.66888040494733
1.6911324611278
6.84705039781915
21.1773457230855
2.17033213650704
3.74381643453052
1.6620392983172
6.85310703510837
21.0999151285903
2.10998413575589
3.77902119963405
1.63682575721211
6.79799354231755
20.9536671770557
2.13260629933513
3.81640316631184
1.60772418988601
6.76841082003339
20.9558931553336
2.07300489431336
3.84509140404794
1.61297466054504
6.77422812515763
20.8324976536971
2.04339471811754
3.87303605044173
1.60415350576505
6.647071207688
20.9698666692482
2.03972642412577
3.92781114327692
1.56795372992198
6.64558457934526
20.655546265547
2.0537894698438
3.97709000789186
1.54365347513197
6.5682509874834
20.8951859547957
2.00386601014339
4.01923955545683
1.53681698664149
6.54952960291647
20.5342623655829
1.97238734714188
4.05744864856349
1.52403450647798
6.52044969184068
20.5497516951898
1.9603897550747
4.10274870011624
1.4955576632309
6.52960428405175
20.618648674173
1.93052932923678
4.13608236829166
1.48934032292534
6.42814155983786
20.5679743515273
1.90918370991772
4.18267762400776
1.45228570654464
6.42880662478737
20.3990861834545
1.85685940572369
4.24838008067666
1.44229024577469
6.36059614424201
20.365613949821
1.86961742916611
4.28335556137364
1.40971114503994
6.36080367040626
20.5131910803158
1.85495426584754
4.33106433302996
1.4118419797046
6.30554156337081
20.252559434701
1.81616855020273
4.3327744924105
1.39697792392579
6.25641364257166
20.1097238456097
1.77777556845128
4.40381563178258
1.40254913833107
6.22449419952124
20.0289386042116
1.78319724724346
4.44366341717358
1.37107206172255
6.19413278312113
20.1184628084936
1.74709118872444
4.48070909003713
1.34527826337916
6.11321243876621
20.0770830551154
1.72599109622177
4.51871692912789
1.33693650343293
6.135553723296
20.0301663365438
1.74747841705517
4.56232973448272
1.31976051333134
6.07512225939166
19.8383350110866
1.69321000957375
4.61808237550967
1.31338681390223
6.01027449949796
20.0095718659615
1.67262092781443
4.66357054595609
1.28748288553062
6.07588396004675
19.6349392238477
1.66257795314189
4.72068861715097
1.28008691170919
5.98275804700877
19.6628447623979
1.63907763902952
4.76499075322291
1.26055241092637
5.950170747291
19.5420274162037
1.62331625721331
4.81338819697259
1.21388350673855
5.96145445213523
19.4617194853058
1.59451131100536
4.85214087846927
1.22204896620964
5.9132389080637
19.5889817844677
1.59708681076662
4.86669614125914
1.19293263651256
5.82208303229057
19.5063040153498
1.5736636752353
4.93820102188967
1.18214057654219
5.77242457160742
19.5221302782833
1.53514775233927
5.00273421138683
1.17904906895592
5.74477332661212
19.384321479363
1.52791473254336
5.05020351155329
1.16878131591851
5.76418869818621
19.2777865959034
1.51801094316199
5.03945882531445
1.14095123912702
5.72121898876287
19.0853530319529
1.49922178137398
5.13601190295681
1.12885941796138
5.62121303879082
19.2866845747951
1.46199236991764
5.16402212309411
1.1260999853458
5.64544363388113
19.1548553237247
1.46385225273417
5.19736807504324
1.11576339535643
5.59549154290285
19.1736948607472
1.43403248782109
5.26822551700322
1.06871906029274
5.56159359749956
19.0954646001275
1.42565006174288
5.30864714880457
1.07675266855584
5.5320200088975
19.0254430720332
1.38910215287412
5.35567508329704
1.05705421779587
5.48906440205749
18.8079226603961
1.3964475163855
5.40263182524288
1.04103290795323
5.5123055134983
18.8010703620833
1.3624929777055
5.4176392292629
1.03299809835964
5.38114392606083
18.7637140394927
1.35464195436514
5.47200445648322
1.00866086694228
5.43510591678494
18.7380886144782
1.32167388552252
5.52533335908714
1.01228425906553
5.35044327100531
18.7206365905025
1.29855323040599
5.60005388056664
0.998147250772088
5.33693595240455
18.547457507144
1.27962092333274
5.62935965821739
0.98009852123909
5.31230168598385
18.6927133406575
1.28077430700052
5.68128258493406
0.976010194931074
5.28421099831371
18.5051970552378
1.26664196951442
5.73839382927032
0.961543424221983
5.25188572294934
18.4450307550824
1.26363223030063
5.7861881258633
0.951966851277789
5.21366108934465
18.2094441216683
1.24352912841944
5.81346236232733
0.944279159159105
5.15543166167874
18.2952403761877
1.22031950409834
5.87868908319786
0.91204686755695
5.13994207236416
18.1412785173604
1.19201880725274
5.96209399280789
0.911874291067903
5.04882458213397
18.131235274182
1.19790530250782
5.98969808636577
0.882499623428962
5.08484188015773
18.1613058636823
1.17428245943203
6.02580924894272
0.883611187814258
5.04853109772166
18.0492203162146
1.14720837874646
6.0966687183831
0.875986731776976
5.00662703945631
18.0912333574856
1.15681713628058
6.17222670304991
0.860366195450202
4.9584239922891
17.9687096371403
1.11563720795857
6.21052112027525
0.829408175187751
4.90097894447638
17.6419983863733
1.10334860158104
6.21484712259919
0.837900451871281
4.88569682744919
17.8582002352842
1.08965835862092
6.30896492951786
0.818087587933318
4.90344756042246
17.8042009958086
1.08470277022278
6.32410461818896
0.795541984839941
4.85516714644062
17.7665846633572
1.05957193962849
6.37995267583053
0.801866884274592
4.84455417397543
17.7563136992005
1.04471632358436
6.42648758347903
0.782033409943397
4.77730627765628
17.7241983534923
1.04196736136287
6.50578230692652
0.783559963903218
4.70473628563098
17.343997078742
1.02650561372014
6.57462731696656
0.772376993796271
4.74291726904965
17.5557360443237
1.00968190810487
6.6141477829643
0.750472167415905
4.73312557838415
17.4229352622646
1.00350576371494
6.62849111522273
0.740310238133086
4.65701253147726
17.4482505172105
0.981248949776197
6.731666492626
0.730612862187754
4.63751882019325
17.4199961584722
0.966937704694306
6.77435899058074
0.733002247546584
4.60976806057937
17.2466441758439
0.965319640715508
6.84754778055438
0.714350262606057
4.56664827798511
17.2062097801914
0.96521096654144
6.86018888324803
0.709200369087459
4.49080039627076
17.2520464709221
0.95429601460762
6.91914053167238
0.699785241217794
4.50710677675314
17.2600025116407
0.939574626896783
7.01995340613516
0.684464343828036
4.48451757280042
17.1784250048438
0.913437364245325
7.06150208375443
0.67634417026333
4.45421298194163
17.0846508300652
0.880389357447592
7.12977063269691
0.65835689119267
4.43650244784972
16.9557726348943
0.889895091605759
7.16087918821998
0.657150485382568
4.41139742812126
16.9603326981615
0.881847088182618
7.21382593706438
0.64468209035186
4.35752308755614
16.6723651394568
0.86789771515171
7.27364950673991
0.635111734212078
4.32556944115486
16.7879893109997
0.859700560109308
7.3253675243542
0.631220277922268
4.28724570683053
16.5270035018086
0.839751625405423
7.37699798928094
0.621801102267702
4.31614466830966
16.469943030849
0.815229016131332
7.44620126431165
0.605059926003061
4.23346130593219
16.6738629117867
0.81311179343931
7.51175606254511
0.59657404604783
4.2153276253251
16.4464003211155
0.800977876096125
7.56125569203151
0.59441518795553
4.23246941347278
16.5759235500483
0.786069498121758
7.57218042194071
0.583116229970696
4.17646631035608
16.5133059171329
0.775537798375999
7.65049893825442
0.581246562724063
4.11832498009431
16.4618142660785
0.772890395946963
7.7425686479633
0.572767816081091
4.08266220296108
16.4068217852982
0.767235562174669
7.72486150264277
0.555424811012419
4.12191854586372
16.2648043803695
0.733369246444677
7.8779059496461
0.553483784601663
4.05766037328095
16.2122801518991
0.743299870473109
7.8982244420411
0.538491513160459
4.05402351898454
16.2086747711583
0.738579967851091
7.98127617548321
0.530887723045337
4.01102938088458
16.0434410423457
0.726074137633134
8.00474671309024
0.520338775566689
3.98164551018976
15.958048742585
0.707258624292557
8.09256957504189
0.522838371475561
3.96790521443044
16.0359173339637
0.702832346101904
8.12615244798796
0.512000755054744
3.86775043269768
15.9097071104703
0.706536659043798
8.15511822742475
0.508746710766402
3.86992380306549
15.8362624455572
0.682228810754535
8.24761339062
0.491658147557785
3.88810603930303
15.9811574110853
0.683150451646478
8.3115022705687
0.485658824225864
3.84297845973625
15.7844670722083
0.684953852045719
8.36196676350693
0.478827673224507
3.79955850361983
15.7551860214221
0.667542373396511
8.4192057215752
0.481479296453022
3.82245758954676
15.5886410061172
0.647663641410689
8.52616745034806
0.472799594346908
3.76046753497024
15.7299137420053
0.640689552235781
8.54165569550899
0.468999572291122
3.7298235265744
15.5698267905079
0.646751543234769
8.62642069592789
0.459277421161029
3.69674115231545
15.4439040462826
0.64570347637221
8.66777447401934
0.449699127029895
3.6234966681436
15.4609544931524
0.623362990123255
8.73449912868132
0.451699847193944
3.63695846005933
15.4300560261886
0.626731968355197
8.79727068093564
0.457377670092671
3.63432520750007
15.4497945872842
0.62182930014132
8.81700844456732
0.43129520502848
3.61615832069309
15.3677639121461
0.601854848520885
8.87380584911679
0.430900879818745
3.59958642452063
15.2360853827696
0.600889375528546
8.93783635239607
0.429742040995157
3.55509326612018
15.1131515834355
0.596094825468259
9.01871815445661
0.412401732392073
3.51032899586876
15.3082171546151
0.585808545525176
9.11454165362366
0.412570621366293
3.47619600647261
14.9697306733026
0.56303691708961
9.16325851252899
0.412151073517445
3.44045208615873
14.9464898548854
0.579448306580461
9.24186143179387
0.40395136928164
3.42674149640372
15.0537538167299
0.561453188076398
9.23708205686067
0.40298302263379
3.41226361090641
14.8573175706211
0.560310305342914
9.31120760829073
0.401017660614357
3.36375785099245
15.0146308770516
0.536325905077152
9.40318951171177
0.400446432938778
3.35910095712881
14.8496907808972
0.553979847836423
9.47311263519314
0.390049386658977
3.34722671132257
14.7868374806179
0.550588451694681
9.49767146980018
0.386934661554928
3.36030983601542
14.786962608127
0.545413817181813
9.57389450191361
0.384135202681336
3.30432363769803
14.6706713229342
0.532406252772386
9.66723642857749
0.373322568922582
3.28046403559668
14.6319220703464
0.538299337493554
9.74047534372304
0.370723780063357
3.26413412763875
14.5686543533752
0.520043805396552
9.83328774629999
0.370203421487335
3.18032153400033
14.4834185523066
0.512994446159204
9.86122087646153
0.354529045332528
3.19038442071798
14.5939715826409
0.504310973955788
9.92646546476121
0.360685870237862
3.15722340753871
14.4509485503322
0.520003307858666
9.9790641617434
0.358088915101016
3.09270920679678
14.5022802186367
0.511332052975932
10.0242623825037
0.346818624808973
3.11663117765192
14.2561744772402
0.504820220553884
10.0665395976753
0.347915682693736
3.06269939343731
14.2686810158324
0.495573194157203
10.1942090363322
0.347545046076287
3.09679393641435
14.3030187225234
0.49833611118744
10.251378036118
0.338373327558044
3.05943959223396
14.3279846682987
0.478841764563813
10.3091198475805
0.348383188881432
2.99184295531715
14.1431427087936
0.488815873963632
10.4154728867461
0.339124203363863
2.99305877018751
14.1488037947302
0.479122108168849
10.4239096014191
0.341643979397332
2.96042211485762
14.0874809899067
0.48125988790476
10.5531189554671
0.339477593793693
2.9687593536095
14.0489369934573
0.488525186739339
10.5836950454657
0.326785897070627
2.98917047761729
14.0152418497295
0.485259985667374
10.5790379655763
0.328903642941461
2.93074549856222
13.8133387594759
0.471320922984948
10.7282191867636
0.333835287861355
2.8753036291215
13.8787963554183
0.463933349369393
10.7610969895764
0.33028717546779
2.88099197421311
13.8180523253843
0.469965883963616
10.8185915396359
0.327248572100419
2.82416233159832
13.7477144492031
0.464944310236166
10.8485700168297
0.321763193345244
2.82430212169828
13.7948723196685
0.458931706922621
11.0107853762868
0.325119319540983
2.79271088188016
13.7831040929394
0.465570904382285
11.1039744648402
0.33002889932707
2.81047688210812
13.737047149123
0.468102420095778
11.1430497856355
0.328811712451338
2.72808463872253
13.5401129360289
0.458230316126365
11.2352403913148
0.324139921007502
2.70771421447673
13.4629079946877
0.467564491971028
11.2654809749559
0.316768825284721
2.70395915685757
13.4738898012183
0.455223929817436
11.3061770726937
0.317930215832582
2.71194945503575
13.5106510313735
0.458124669400857
11.4126569543366
0.32066909127711
2.66578626892399
13.4475471131972
0.459902677708476
11.4718955075088
0.322673195761404
2.63999813957789
13.3562407370048
0.457841987487497
11.4815198340773
0.318953389592241
2.6189819461989
13.4451892014665
0.463050266580155
11.6049138015932
0.31974826833611
2.59892242563816
13.2071508561286
0.465955727375184
11.6883794358179
0.314504262894936
2.6105882554953
13.2331419876761
0.463571647026861
11.735677397299
0.32042774714088
2.54548538426009
13.1378951202616
0.454430745550679
11.8485821455797
0.327794831719428
2.51746844164952
13.2164408239674
0.465718130331673
11.9090502599214
0.316352460265451
2.54822084076594
13.0498304257567
0.464959877911025
11.9756498747306
0.321379917687868
2.50663252355555
12.9665538456184
0.468009677360677
12.0343354248185
0.333265611393631
2.49842907535326
12.9944735275413
0.457315329570323
12.0713484072518
0.324834818166841
2.4206318762137
12.893410055133
0.459839665974402
12.178504733477
0.325271606234575
2.40421331576222
12.8486082397822
0.465028182501768
12.2516584028458
0.319513525159289
2.41487857845835
12.8424478338491
0.467645036931988
12.3392426746314
0.332695067413613
2.41224107597491
12.7822500980368
0.467298965984875
12.4003951470205
0.321873932395298
2.39440625383463
12.7554062542076
0.464693248094028
12.4925048614805
0.329471412705752
2.3427972695123
12.6189647937725
0.471037498497413
12.535321794978
0.329039649699894
2.33543406855655
12.6738031979542
0.48185699193231
12.640583780686
0.331154693802519
2.34983907944827
12.6246288362192
0.474466044448026
12.7376933251895
0.336801549981566
2.25757227695976
12.6691056109799
0.474685984318178
12.7716724763584
0.335106265542165
2.29505079763019
12.4265598302283
0.472401389769461
12.815755722394
0.340913559150334
2.2616686666566
12.5457011065566
0.47824183584506
12.8778641268905
0.343075241590728
2.24413511009796
12.4484695362189
0.489752546806107
13.0083696868895
0.354988278332227
2.20531342031131
12.4541582177153
0.493891670014467
13.1371740379519
0.343263927311611
2.20478863319408
12.2965257200414
0.491174024624441
13.1395108974693
0.348254371995171
2.18188955032758
12.1599850180045
0.516514794998858
13.2852746605551
0.359205330200432
2.19081310746273
12.2238658011158
0.503226497502758
13.3157666172741
0.34678307777132
2.15751763218698
12.1543923242379
0.504719484804238
13.3389429891704
0.362178193281145
2.14011018628769
12.2689556320753
0.494037012107312
13.4765101999734
0.364666085878348
2.11942127060232
12.074009585447
0.512879489534411
13.5206765361318
0.361841034119
2.10359482728729
12.2251271180065
0.524712808109255
13.5848375490515
0.363734297185889
2.08670397883339
12.0428483642849
0.529574167351318
13.6510079115053
0.377957062769508
2.07089426225207
11.9123188581528
0.518989739305635
13.7559435180434
0.366393045328326
2.05983788268571
12.0518546521983
0.519443113114889
13.8531973137459
0.37691454996773
2.05537958079546
11.9765776629
0.544567755784472
13.9569608666937
0.389409024089766
2.00926679467484
11.8810200346393
0.542457135391294
14.0212127119561
0.385251524746665
1.99150329704807
11.8134712313491
0.543514556204205
14.0493960362219
0.381160614691683
1.98540445748121
11.6892052618231
0.539490615808471
14.103003208802
0.398206838611099
1.95412181582068
11.7624248138359
0.548310275771213
14.172086603509
0.399201826600755
1.92100625772658
11.6696406429171
0.55425651504178
14.3039500162744
0.404512913963345
1.9527512681116
11.6520154940547
0.551272891718716
14.3711186792953
0.412369945388879
1.91054085366747
11.5729224537303
0.564874099000695
14.4374122637266
0.416469314623686
1.89516614574997
11.6045976836047
0.57296227664072
14.5404740442534
0.418282327887932
1.89161661985671
11.5688585900372
0.594299792578195
14.6042938320352
0.430533247674342
1.89216664677939
11.5084863813357
0.590490551463844
14.7152921185753
0.442425279720804
1.81960083397426
11.4073734165585
0.608861904014556
14.7833765171975
0.431616928417242
1.8227177512749
11.3200695533261
0.616151433809465
14.901790675656
0.445675049444267
1.83547389252042
11.3140712420793
0.613084420282344
14.9370400114859
0.44369903016484
1.82831453816444
11.2937338891739
0.624940511305721
14.9419682545303
0.449569241476427
1.77787685369013
11.1034876604108
0.628223105076494
14.9856054371989
0.457678601208495
1.74401025146453
11.0477275958209
0.630754018523638
15.1843416439818
0.462065391473088
1.78531638034451
11.1401422124164
0.640263447709641
15.1847352331162
0.465676659290373
1.78200343144638
11.0579796801034
0.659122386887309
15.3327496853803
0.474695063106566
1.70670085027796
11.1132439112808
0.659511046571473
15.4114190549499
0.472511504543023
1.72820906404006
11.0263412081244
0.656396968587435
15.47950978354
0.490630532181478
1.70311755192239
10.8806280946261
0.671004913601479
15.5884237271852
0.491642134363148
1.66388229482548
10.8967796891846
0.685520358208351
15.7331184130778
0.491400203736578
1.62251517853924
10.9961279279814
0.676185540243113
15.7115610451811
0.513252680934398
1.64824306843165
10.8140100055725
0.709015740582826
15.7800722218938
0.528074287930831
1.65473433269543
10.6854170559109
0.699141248283794
15.8775023964331
0.519576895826036
1.62284223923549
10.7937266208074
0.713241733497634
16.0269791730465
0.523747743065767
1.62839528772644
10.6699924837051
0.726178058247231
16.0337054164431
0.537121585829333
1.59876992040275
10.6005043688045
0.748720390717766
16.1640309442591
0.551831692143347
1.59524515049404
10.6707484041951
0.741032753347995
16.2576862545587
0.536125927443119
1.57092261903789
10.4918283027332
0.745665646184767
16.2577535040365
0.566301322913092
1.54642884463689
10.585058976507
0.77029349002305
16.4118161446713
0.577259554485526
1.5392022330664
10.4678510954691
0.772450157904658
16.4864599754881
0.56314619337566
1.54412125935027
10.4571529506445
0.776791822527172
16.5821013573528
0.593087455536513
1.51518094797089
10.5404363670636
0.797781078594319
16.6817124827887
0.605051153722355
1.51196354521312
10.3808671705379
0.796629767459194
16.7391702414043
0.588557865441697
1.50163815370015
10.2406206570688
0.819959501432085
16.7995600078715
0.618496915655852
1.47869385147287
10.2945539654123
0.823716964625485
16.8970298304022
0.626887350077681
1.44970598072532
10.3525000508449
0.86335345246835
16.9398662980978
0.667015399481658
1.45229176885187
10.334207933466
0.862601841800687
17.1160411870558
0.639168345512834
1.45343902700984
10.1276145391436
0.855749910255447
17.1913563765093
0.647810578344114
1.42385717984899
9.98463461411879
0.873778885344711
17.222364915362
0.652331154513245
1.38714297413364
10.0474762592085
0.872277460246433
17.3825477261249
0.675336179520482
1.3965282634523
10.1395543596879
0.911215938575299
17.4994992346153
0.673370110968058
1.39534909635791
10.016072358031
0.906131497357899
17.5845775876302
0.679597983594806
1.37055699357769
9.95184922245439
0.918682456485765
17.5848832641772
0.698540136730924
1.36715359128211
9.91719006617288
0.959980793342172
17.713934845259
0.706697655803702
1.37468119212893
9.83918412538514
0.936961420876127
17.7765009206225
0.727976745986535
1.36884446906199
9.85714075015888
0.95376556506191
17.8395843905872
0.729837091032334
1.34583992518592
9.80075913801081
0.984953507585828
17.9303825912069
0.73532833194827
1.30168605184992
9.81915811816162
0.974022099280079
18.0511135393319
0.759149012550507
1.33874064922117
9.82668267935042
0.990957359343235
18.1483341333942
0.750567463060915
1.29987547790328
9.75924624829541
1.00000971553899
18.2101932089631
0.762853688083726
1.29258941542105
9.5147918018388
1.03185578541774
18.2339821032836
0.766860244490153
1.27934228814156
9.60092999579984
1.05197731865581
18.4005742878254
0.809644321895948
1.25935514043587
9.57390996300772
1.07217195258048
18.4667321118731
0.813417752868123
1.25018374749607
9.55866147114632
1.05270322058833
18.5405244728087
0.797143914052607
1.2399903983242
9.55379455943491
1.08648344828663
18.6395810185465
0.82605562151494
1.25482753475551
9.44064048491518
1.1157885228406
18.7578648558171
0.87224598091703
1.22114828574994
9.38777592654862
1.10285237766238
18.8505907901954
0.834647185224358
1.20210336559996
9.38749262827199
1.12028691862541
18.9643094298635
0.846344180872053
1.20109472120064
9.4544451158814
1.13959136887059
18.9853585719474
0.877951829706563
1.19337650851124
9.3434568586574
1.17047579759836
19.1043105822362
0.890354259987852
1.20238903277745
9.14639343281371
1.15283054212915
19.2327814456245
0.907666569090181
1.15692021057741
9.14495773901083
1.18593011565152
19.2803184577181
0.911631666521576
1.1536011671626
9.11819862028947
1.21472069437387
19.4288314038363
0.914712729127396
1.17763614607568
9.18243931963491
1.22621176564958
19.4231386942575
0.927848659076598
1.1504419756456
9.15631187729004
1.21212074005325
19.5518595241583
0.932400995917698
1.14328770842432
9.04365834131308
1.2586861735015
19.6433149674133
0.950383557698523
1.16468829059261
9.10601990095576
1.28088802491841
19.7574216891441
0.979332689484115
1.12493779745491
9.05628627769361
1.28908618943188
19.840157195186
0.994386730296479
1.1264515188923
8.96184182494671
1.28192772164947
19.9742885874432
1.01935380690837
1.11739555670589
8.95905035446806
1.31637611801876
20.0001022543494
1.00355169263054
1.11877536677047
8.97624327926591
1.3119619278479
20.1126265792014
1.0373856864145
1.08743033259088
8.82559522475271
1.36131563983577
20.2225761183615
1.01726158098795
1.07259342578963
8.80235248339038
1.37924241215765
20.3599387248022
1.05340149669117
1.07786997949447
8.83535048692258
1.37307225042996
20.4404327706114
1.05197790276881
1.06746968834187
8.88294830774361
1.37849729684484
20.5142890946584
1.09193873148096
1.07171812838469
8.61734400242575
1.42107599022308
20.5546144462273
1.09329666216759
1.03551096785396
8.70387649185751
1.46219398428472
20.6700951216661
1.12535279837968
1.05123607895041
8.73306260989334
1.4409891466913
20.7134547849154
1.12277155320814
1.03852551871135
8.54177478818753
1.47774189948519
20.8868191320977
1.14228210241818
1.01770800892311
8.55794101458902
1.53106859727447
20.9302025288138
1.16277296294687
1.01215579698845
8.59639654599343
1.49817327927012
20.9751877413705
1.17599741870944
1.00566683997449
8.69825679379313
1.50039423013514
21.1427782887058
1.17082936586709
1.01028861133914
8.46467752576209
1.56165872801798
21.3224394642566
1.19799126068488
0.981788595912185
8.42669063470608
1.56222178169563
21.2999851598418
1.21162915405593
0.974960082986294
8.52407728172597
1.53363791910768
21.3540856221473
1.24869819597559
0.9915426319966
8.38064594835061
1.60722678031521
21.5000442113642
1.23596140781423
0.958203305518972
8.46828243760378
1.62177286434111
21.6396350790726
1.25400384450082
0.967206009543902
8.34987220743212
1.65017966873151
21.6848014889836
1.28721871328683
0.96298047014846
8.28572358865708
1.63748926812613
21.7968110528729
1.27787456996738
0.947582976776536
8.3087894861942
1.65989329615494
21.9559473860068
1.28809943586425
0.953482033806442
8.15981066681178
1.74829151211309
22.05747756194
1.29383589145466
0.937191010003542
8.24846712400548
1.72418409041212
22.0772648529654
1.32972909700424
0.935197144792135
8.29682253231438
1.721649264964
22.3264060457126
1.3679921941898
0.946377917051594
8.06018999303501
1.76194006171512
22.29571136169
1.37168756161255
0.933331632241936
8.25635773700196
1.78081994359949
22.3791592665344
1.3868884440611
0.900803184020152
8.03786890449121
1.76295135718709
22.4398839991514
1.41915158429302
0.935526753556495
8.0246895518392
1.82465599562799
22.5791373281064
1.42277339027537
0.902239850285622
8.01728329510646
1.85193745148487
22.6918542350518
1.44252720163319
0.89101518208533
7.95747821556257
1.87677659544202
22.8355506598175
1.48087714225073
0.88359400119169
7.97274872519445
1.87630809025707
22.9919649596003
1.50053002022306
0.894485268914971
7.91404840935363
1.91826731820445
22.9074667721495
1.48871273370819
0.884837006306573
7.90124476752204
1.948398420747
23.0611215475701
1.50086411564434
0.87713918989657
7.84494035321339
1.93224480268802
23.2377287499932
1.52996931763292
0.881729218770962
7.76390535561862
2.01626936895003
23.2165545656946
1.53566692126057
0.894256084535595
7.67017192775514
2.00004956381325
23.4265206971296
1.58641247635651
0.867002855018139
7.59762316709823
2.02372753534491
23.3980823819472
1.58727601518844
0.882408569230958
7.7212494928061
2.02954648224021
23.5925005384595
1.59428339630883
0.888304328888713
7.67987269954905
2.10380848403352
23.7572716254195
1.61452210815365
0.868090447606431
7.65525981581245
2.07922981514591
23.779897067095
1.66138607759753
0.840655469676624
7.50830210673728
2.11326466143342
23.9080521333529
1.67014570150268
0.859521378836051
7.50356841639224
2.14231533580438
24.0301709615519
1.68811311190291
0.850449240857411
7.54610528018624
2.16214845830651
24.091944775043
1.67900477685335
0.828172609966632
7.49550865856874
2.16638519368358
24.2398893864526
1.7376448286061
0.840138080496921
7.52115168113099
2.20605553028252
24.271546301873
1.74446509758933
0.836582495391431
7.44639188090829
2.21788323401507
24.4664325864897
1.75611274759693
0.836066945758383
7.42135056677488
2.24736585833763
24.4963018314837
1.78597634993378
0.837440228131835
7.32405045702331
2.30034947641319
24.6286486652457
1.74869163250784
0.817462889501829
7.41937688900617
2.31376464014647
24.6736099742232
1.80522171255233
0.833229709390196
7.1872214420134
2.33005105961451
24.8265597159902
1.84237575159942
0.830293871550782
7.35488090873184
2.31988904070491
24.9270700593805
1.85820107034357
0.823408046351184
7.16819930552444
2.37715783318534
25.028267741781
1.89057269387194
0.822369166630782
7.25902014471022
2.40339891078559
