0
0
0
0
0
28.8726349141041
47.1967793546424
63.3290747052585
91.9126065159997
58.9813159606173
28.7687322472998
47.0797402996174
63.201934663162
91.7639565000906
58.8429733866405
28.6649419288633
46.9633358477327
63.0746065595433
91.6155275723919
58.7045753353383
28.5610323393464
46.846928741179
62.9480232880539
91.4681078251894
58.5659411376413
28.4578961763923
46.7300982663453
62.820566024325
91.3208209176139
58.4287529303533
28.3544917236602
46.6136712835762
62.6930589473942
91.1723269445769
58.2929125803248
28.2511504980979
46.4979784118381
62.5681010683026
91.026243925725
58.1523457500526
28.1483592079058
46.3826100786594
62.4401611728535
90.8742810468317
58.0162934748175
28.0457861862382
46.2653936246512
62.3138832276464
90.7361845080178
57.878252981153
27.9435649491668
46.1485875247456
62.1848436436876
90.5810312105828
57.7423185447844
27.8402669631698
46.0357133271927
62.0598578396072
90.4431529045305
57.604952501715
27.7382109502267
45.9192645220037
61.9352344650745
90.2940243525813
57.4669991095583
27.6360979837727
45.8033285200164
61.8087978205253
90.1406745595222
57.3331281759934
27.5333055585227
45.6873574435966
61.6840827502366
89.9969811758028
57.1970015499938
27.43363342886
45.5728394310416
61.5611276153874
89.8479300886657
57.0574754629589
27.3313166562413
45.4560093438049
61.429631947262
89.7133698399942
56.9231870549905
27.2300571682192
45.3402105048726
61.3057154549244
89.5602799164324
56.7894181959353
27.1284449383195
45.2286939730994
61.1808766799539
89.4100240141808
56.6516283176175
27.0291977986034
45.1116787131455
61.0532164788624
89.2691529453914
56.5139834602014
26.9282605893346
45.0004276476626
60.932440190151
89.1190487730297
56.3796341374456
26.826604691799
44.885942638271
60.8040709266463
88.9820305292303
56.2457719854566
26.7275617175788
44.7679082586773
60.6832644729046
88.8201015486502
56.1118173864635
26.6292501514637
44.6574334687485
60.5546344239725
88.6928596752791
55.9771773804037
26.5284482739667
44.5491855680045
60.4320754380244
88.529520155575
55.8393476272867
26.4292984397791
44.4324312990942
60.3144005311176
88.4015615542251
55.7039658747708
26.328638939663
44.3183157214719
60.1862955777189
88.2548958198286
55.5710822547726
26.2289972040895
44.2035664654441
60.0565175936027
88.1044768285133
55.4394039963335
26.1299134544433
44.0930103656798
59.9398747320921
87.9526513293163
55.2999876482099
26.0337998722216
43.9773025426464
59.8128565801756
87.8223574101844
55.1666133482715
25.9297300144243
43.867600658745
59.6914086021387
87.6769425797607
55.0389908271965
25.8344039408758
43.7578817116483
59.5693713255717
87.5321448743898
54.8986825413904
25.736700612129
43.640044132293
59.4414958601839
87.3883358655329
54.7656061202052
25.6327080679499
43.5315655925077
59.3227831686795
87.2385694362312
54.6314602292884
25.5372752967047
43.4148865715004
59.1934879257298
87.1013915346724
54.5061797371046
25.4420534468601
43.3039520217401
59.0745956636874
86.9346407203179
54.3690969697044
25.3426454125072
43.1990976172843
58.9523442489703
86.8118632312147
54.2336644776709
25.2455852273073
43.0843008565673
58.8206040008176
86.6623730359369
54.1060676214284
25.1475670228081
42.9675607510073
58.7034263259574
86.5101501970658
53.9603311372285
25.0505207489658
42.853116658668
58.5770847722753
86.3759277319645
53.8396341945163
24.9580080276343
42.7425784104162
58.4448782659292
86.2224294982401
53.7107695216107
24.8594797049901
42.6382830078675
58.3363908744258
86.0771359268972
53.5803846990456
24.7651233182226
42.5245030213308
58.2131337597258
85.9447896529651
53.4420297122883
24.661420934936
42.4097897918708
58.0915582172167
85.7896518375647
53.3096535437798
24.5697946152843
42.3002068758717
57.9718904775457
85.6564951842297
53.1759618416262
24.4774629245842
42.1879711194416
57.8572003419462
85.5249719283157
53.047380555955
24.3787938098283
42.0808399758046
57.7228815688477
85.3759877991804
52.9055965940057
24.2791554546587
41.9766113637837
57.6236787419436
85.2312295255355
52.7898412053234
24.1884148723007
41.859226715632
57.4796888635515
85.102819390216
52.6439794754817
24.0879872711178
41.7441097385709
57.3677521788549
84.9611817853041
52.5206413519128
23.9964361097418
41.6421564520546
57.2290001408194
84.8015506879073
52.3963435569697
23.8990938064371
41.5347638493595
57.1093541847372
84.6900812203589
52.2648386432668
23.8090204889087
41.4136067025567
56.9832599496083
84.5219214665152
52.1262006551395
23.7103606650582
41.3066071669676
56.8796852288366
84.3818970768847
52.0053285753933
23.6182163729919
41.2007395247169
56.7557397057885
84.2373530672438
51.8708065134605
23.5227338957299
41.091957896769
56.6455060300158
84.1017980160775
51.7438778782691
23.4293116758235
40.9857628919397
56.524485443531
83.956763037989
51.6276178592104
23.3386738679025
40.8743669734068
56.4020900049107
83.8177339847764
51.49015303129
23.2388109485544
40.7656555746606
56.2814959670761
83.6880769378331
51.3521191474844
23.1533784233768
40.6548481422557
56.1669354002116
83.5103944987105
51.225956133279
23.0559594930601
40.5400670869208
56.0244545481251
83.4005405611383
51.0890297588085
22.9632565595633
40.4383781653558
55.929060380708
83.2514271650295
50.9663171521431
22.8738021955351
40.3466166802097
55.7894892329652
83.1030185936599
50.8475310134347
22.7801804399236
40.2329827076231
55.6824512587161
82.9833401901035
50.7033033299737
22.6901248961132
40.1209868110315
55.5647406532373
82.8554603486466
50.5751299090307
22.589033095244
40.0190483154581
55.4304804696691
82.7090371021926
50.4531737777015
22.5004273786917
39.9047947113242
55.3049845952182
82.5511672104644
50.3342731642335
22.4093077947445
39.7987234582752
55.2020356159673
82.3929523337028
50.1859589836336
22.316229618255
39.6803580909023
55.0821259352936
82.2772625388909
50.06174537724
22.2256283672015
39.5759442073986
54.9560829635619
82.1139410531654
49.9614034828958
22.136101710504
39.4810472746671
54.8595278577999
81.9986147327774
49.8102678380821
22.0432928108775
39.3698387596979
54.7363722243756
81.8729125134929
49.6973337100753
21.954186666927
39.2583695195134
54.6116869224481
81.7258918608814
49.5794539782483
21.8639399829934
39.1566922498407
54.4809070129109
81.5378824738574
49.4453193617182
21.7726854738536
39.0476760315708
54.3769734490257
81.4608466975965
49.3136097972622
21.6818687662006
38.9433228786258
54.2695862336499
81.3402824400715
49.1740446975414
21.5883419236785
38.8295662003436
54.142805024733
81.1647236616503
49.0618577325601
21.5024117541333
38.7211819594393
54.0237805862556
81.0119588868091
48.913905458184
21.4136616407559
38.604106867725
53.9134505118436
80.8976825517317
48.8030529845396
21.3185272728244
38.52187854625
53.7853272486516
80.726219858871
48.6841949806546
21.2370769534576
38.4141454036343
53.6688157181533
80.598997924194
48.5519336884649
21.1413139406769
38.2887230392762
53.5352229978806
80.4904785037488
48.4397019723077
21.0576259300626
38.2006989824334
53.4459473928916
80.2999879228488
48.3043740751101
20.9662625890907
38.104028120478
53.323947861681
80.2016074456936
48.1803475081879
20.881334152762
37.989001978948
53.1866660936737
80.0606644997188
48.061997636383
20.7878811796333
37.8746962488278
53.0722973739277
79.912243535791
47.9467356679318
20.7011000461349
37.7944844623257
52.9680949781462
79.7780684914638
47.7938837081147
20.6104347679861
37.6675758897177
52.8538159059682
79.6728727943543
47.6828630631211
20.5288011940792
37.5639604945689
52.7250762983947
79.5212215968291
47.5617413295133
20.4365703460647
37.4682266406558
52.6330877555754
79.3751132336726
47.4300047308969
20.3479634812247
37.3670733046964
52.5050653165191
79.2183749952027
47.2926342528114
20.2636089671477
37.2643889490733
52.3751727548878
79.0729283005332
47.1817255235125
20.1777705787018
37.1521545944997
52.2627189098563
78.9432903317472
47.050208251252
20.0934280874054
37.0573563579486
52.1529279366488
78.8430817980694
46.9275180991285
19.9992155327667
36.9573056792681
52.0426999375114
78.6784160740607
46.8290668520645
19.917230744384
36.8364734070537
51.9198106689884
78.5339446784548
46.6643909252947
19.833557556399
36.7335455939826
51.8115488599493
78.3901505880966
46.5602819514156
19.7371528760832
36.6321642765482
51.6789420876346
78.2807419499588
46.455719828535
19.6576982039161
36.522013294788
51.5969748744195
78.1480292417128
46.3141744201215
19.5660273026778
36.4269574134676
51.466644838229
77.9882666666933
46.205369758214
19.4898077883558
36.3291733048289
51.3529318997906
77.863000061734
46.0853449865957
19.3989567318447
36.2308878204095
51.2486982522582
77.7165789118263
45.9682569943504
19.3083457386642
36.136791548754
51.1205633943503
77.6100362908464
45.8427470333588
19.2347038662325
36.0261180651546
50.9996171696934
77.4379623659049
45.7091299780874
19.1455901809063
35.938349339524
50.9156984386361
77.3034592877422
45.578938637116
19.0649976502364
35.8227926099328
50.7770490682362
77.1924286671584
45.4635861377076
18.9829970704051
35.730218087088
50.6761670843866
77.0416862054162
45.3446154388791
18.885216230826
35.6185458402008
50.5355702270231
76.9072968211483
45.2175099129299
18.8069439222083
35.5048333510207
50.4251688658333
76.7443539277269
45.1199389781884
18.7266251496535
35.420851332403
50.3290598127813
76.6577361259163
44.9729229642691
18.6357865123409
35.3230793943865
50.2097298911865
76.4642681292107
44.8697110725628
18.5626443779331
35.2087145277731
50.1059571408965
76.4156599063556
44.765751731978
18.4784118992762
35.0892840787034
49.9909626396055
76.2471530808416
44.6274112045793
18.3913998173207
35.0251381466366
49.8639666400622
76.1258798711077
44.4962670813037
18.3139485028156
34.9026247847922
49.752708258284
75.9646146633552
44.3773966420883
18.2288691646432
34.8247194509116
49.6625209791309
75.8188755432849
44.2630961338017
18.1428154449236
34.7209068701812
49.5488504479987
75.7045843220107
44.1403833078828
18.0545409148243
34.5845468739177
49.4343787766918
75.5720978151221
44.0193867365763
17.9736014232108
34.5127243452335
49.3029147833034
75.4206052659936
43.9009745446763
17.8895294639214
34.4327386804047
49.2053130764335
75.3299279240895
43.7840777147341
17.807439953275
34.3158429934478
49.0605819905155
75.1725379221799
43.6695948805214
17.7280879855335
34.2037612434822
48.967213557412
75.0430387888814
43.5429373703433
17.6527781741056
34.1128030235589
48.8616636777176
74.9103796406941
43.4280450375584
17.5672341251342
34.0133265869853
48.7469395924695
74.7170889989083
43.3401645272726
17.4934460661756
33.9237834314714
48.6406764409217
74.6064749816981
43.1916572654559
17.4035065748994
33.8391406441354
48.5561571076137
74.4909185505443
43.0822011227529
17.3167518639962
33.7238315737477
48.4268617063687
74.3787226025292
42.9564009272257
17.24875991734
33.6032605628461
48.2912884080273
74.2555751453656
42.8369072368333
17.1628373759452
33.5133498668841
48.1896640775748
74.1301197985066
42.7308155834133
17.0863255144439
33.4212447774189
48.0783737073015
73.9477122758032
42.6069019035034
17.0030395711722
33.30019730422
47.9713374547604
73.8454944690652
42.4965894564678
16.920576801773
33.2199628660352
47.8412684170102
73.6935199605913
42.3958057924599
16.8408508967974
33.1449232199933
47.7619780632136
73.6108477246517
42.2755769991359
16.757476651415
33.0323141341737
47.6508228028022
73.4637922344762
42.1360547345327
16.6942704327858
32.9047033791156
47.5231678244779
73.3097742373997
42.0187632315939
16.6040551182942
32.8386936488147
47.4229285656558
73.21441165712
41.9050628887817
16.5236912329198
32.7122128731342
47.2947757805837
73.1151638822392
41.7974434607226
16.4592865052036
32.6509584167523
47.1692783612978
72.9690888676325
41.6649380496109
16.3569474753538
32.5472813111817
47.076893867186
72.78745698047
41.5352804254306
16.304231921781
32.4427760008166
46.974378025887
72.6310084000028
41.4504570810951
16.2275980378047
32.3552979392202
46.8561358229619
72.5583595862431
41.3127280631722
16.1342832313231
32.2272771230581
46.8015683954613
72.3795640474946
41.1790996921991
16.0664867386486
32.1388733835772
46.6671934804669
72.1897242864199
41.0816432589844
15.9917871478423
32.0603415397441
46.5283642315541
72.1879942148567
40.9881080753697
15.9024722178726
31.9906904046919
46.4280814033655
71.9597038731553
40.8520966723808
15.8321860807114
31.8669443685508
46.335395417167
71.8709308082685
40.7534114378557
15.7509522962687
31.7790918179851
46.2145718535975
71.7381623968121
40.6262694387655
15.6765361589775
31.6772391278565
46.1103132634522
71.6203394740596
40.5259301895445
15.5966616043086
31.5892109784758
46.0040479305018
71.4402659868647
40.3991525802211
15.5214137174172
31.4534304198694
45.8796166180708
71.3513717426893
40.2936400310982
15.4431089195849
31.4017053329665
45.8071034891302
71.2526599845382
40.161160788575
15.3675656523799
31.2862369103813
45.6700094004813
71.0930130235484
40.0967271263212
15.2960287131556
31.1926588058842
45.5662000806519
70.9726588226689
39.9324261244448
15.2310610341233
31.1086011242166
45.4650875835481
70.8439501018046
39.8082619765033
15.1403260186088
30.9913872509839
45.3395657894274
70.6726737986895
39.7237706823899
15.0706048418932
30.9264862305896
45.2324105958374
70.5385924867704
39.6055203295085
14.9933682967973
30.8334544028276
45.1049904920816
70.4465811634044
39.4829190897205
14.9071032273768
30.7231255253572
45.0216342908389
70.3080557461743
39.3997899426351
14.8310956548949
30.6190662444327
44.9463450943426
70.2144057994067
39.2660137689637
14.7616510468404
30.540181992384
44.8040335730549
70.1008431899452
39.1737584789789
14.6940671736569
30.43851464591
44.7327643439551
69.956689293966
39.048677870619
14.6186281538477
30.3353722892654
44.5984799080556
69.8240745458629
38.9470980230296
14.5452381119848
30.2512651222599
44.4924297308342
69.6736409613036
38.7905530295052
14.465634727276
30.1630960634313
44.3987477069222
69.5641504068518
38.6986631771045
14.3939482794395
30.0769188954839
44.2937915458994
69.4163940338621
38.5901982084496
14.3308603368114
29.9855733132554
44.1863781727478
69.2726525665848
38.4726956173371
14.255392545042
29.8886937643278
44.0790950650815
69.1323740011402
38.3496385624807
14.1858378672979
29.7915179205942
43.9665591391222
68.9957855519039
38.263236374982
14.1055655157698
29.7180747067813
43.8455577895416
68.8909174587267
38.1388499515377
14.0369791786562
29.6175894013711
43.7748227929206
68.8041677379125
38.0746558616636
13.9574010868117
29.5272123846268
43.6537281579249
68.5812363931764
37.934887204877
13.8883111196393
29.4370293468542
43.5384672241047
68.5402969925267
37.7956917977103
13.8160848343895
29.3312228938522
43.4793556428098
68.3630710779169
37.6981437350517
13.7533497207548
29.2476704100068
43.374835785398
68.2316900933885
37.5975805554046
13.6742561665694
29.1359943451058
43.2812002369412
68.1310853833698
37.4827778366931
13.5937580122973
29.0626070793967
43.119229383427
68.0430668075332
37.3914270452771
13.5273906374654
28.9527969141547
43.0360453674964
67.9400924377676
37.2636463370399
13.4475375154561
28.8391998219475
42.9237276933353
67.7669892603338
37.1260710738458
13.3891041968207
28.764601851676
42.7989488388443
67.6202753943168
37.035598800765
13.3234400173681
28.6830848078681
42.694156254177
67.5511068467675
36.9161316489312
13.2479357490053
28.5967736149413
42.6021112566158
67.4570773211429
36.8233206366749
13.1849336251864
28.5143914948791
42.5114803226106
67.2416840589006
36.6998837457689
13.1084125457351
28.4102422661813
42.3932996478409
67.1299707230284
36.6105589847965
13.0316702837115
28.3268273197648
42.3026176734332
67.0057836689618
36.4858413168739
12.9662012697385
28.2306965084517
42.1863766956012
66.8841236397459
36.3814660889313
12.8874985786766
28.1464257417702
42.1212965782841
66.7611497295762
36.2792121214606
12.8238789395823
28.0509454992267
41.9959062500699
66.6169434242091
36.1661297639381
12.7490492608947
27.981429106567
41.8942359293212
66.5061045314242
36.0670852578627
12.6961876661409
27.8759377868595
41.7393212520463
66.4101243181398
35.9143176307447
12.6226413853823
27.7871662994768
41.6799846157113
66.3419185927248
35.8672277220418
12.5501313528995
27.6906913954838
41.5605122336049
66.1955954397788
35.7436072269702
12.4863573837243
27.594249562466
41.4955196353779
66.0006853802297
35.6312435486853
12.4166455323594
27.515413971178
41.3811248310611
65.7789612501118
35.5305983514833
12.3457958162011
27.4376272866828
41.269712509213
65.68554362389
35.422420509639
12.2888107894771
27.3293618659917
41.1853550435943
65.6198883836631
35.2919531423119
12.2056757352708
27.2590278669882
41.062759420486
65.5163224743267
35.2071203624976
12.1551529002774
27.1615763181644
40.9552123282585
65.3983850011131
35.1033974526275
12.0773780759744
27.0727969779334
40.8587393974604
65.230088001187
34.9740076800638
11.9922605165074
26.960182359037
40.6955753927691
65.1662972782428
34.8850868922238
11.9292514950535
26.8922839294346
40.6349998008356
64.9637528574899
34.7856879919759
11.8642915771539
26.8026408695447
40.6180082051675
64.9292302379021
34.6723147757435
11.8155974715317
26.7218270758561
40.4422172334142
64.7303071262372
34.5485845685041
11.7430990937032
26.6539199973879
40.3294135479083
64.6524226062705
34.4488450517151
11.6842603936
26.5249643807742
40.1851862747458
64.596668102098
34.3696260548063
11.6110751550768
26.4585706102864
40.1026097022108
64.4632050626183
34.2626512381127
11.5458888205004
26.3844687601416
40.0589634611122
64.2203680688352
34.1629558814481
11.4842050921626
26.2906216332289
39.9261569544104
64.1176386680068
34.0585508731128
11.410236658053
26.2164674441468
39.8498016310893
64.0752430791962
33.8890435266255
11.351810673184
26.1294517159077
39.7551740097711
63.8848543354876
33.8447958130205
11.2932351312715
26.0547039272155
39.5911183572295
63.7459405093038
33.7355768524916
11.2162776861553
25.9451578217909
39.6104228692089
63.6793927573135
33.5981761792034
11.1529513324664
25.8695142574355
39.4126010239761
63.5174186335945
33.5289852071434
11.0897508091181
25.766267319057
39.326238221456
63.4305829190082
33.4276805688403
11.0279835246604
25.6653578016674
39.2354825487002
63.345438695855
33.3047388750345
10.9596658157861
25.5793070168798
39.1645256456077
63.2033023476373
33.2324386251446
10.9002826780955
25.4981394809661
39.0254277623076
63.0170625518496
33.0992330415593
10.8377159165347
25.4179525590812
38.9110919132717
62.9066643183256
32.9931440942004
10.7719303220428
25.3264288313749
38.8303307458369
62.769084023111
32.9001734454323
10.7127879901091
25.2431235739102
38.7591386563902
62.6497876633881
32.8043747753619
10.6395898150441
25.1534774988439
38.6155587210255
62.5768241720935
32.7123695633187
10.5855904602745
25.0880145183014
38.4953217690638
62.4773962646075
32.5918716005724
10.5298578827088
24.9853822826606
38.4299529057045
62.4193050184511
32.5007640071038
10.4569287702942
24.9212311314815
38.2979140224129
62.2082807679784
32.350842077513
10.3908002839
24.7894638140338
38.2307849336606
62.0641408258095
32.2756017184175
10.3231224377903
24.7398642569188
38.1503851527839
61.9638594286711
32.2049674946286
10.2639751711753
24.6590277620437
38.0706781756559
61.7167762132231
32.0854225627525
10.2095204229529
24.5512009905365
37.9576521449238
61.6766176323298
31.9317534115179
10.1472248823916
24.4792998749897
37.8712326710498
61.6225943250864
31.8683235910777
10.0748061480355
24.4073806333001
37.7416399687949
61.5038862247751
31.7784486239415
10.0256353304051
24.3194008530517
37.6290244151375
61.3822686707923
31.6945692910094
9.95989050858826
24.249508305905
37.5550658622535
61.2050508996318
31.5612773462277
9.88728687222224
24.15787374744
37.4585715346806
61.1031914875277
31.4797326868863
9.83249145492927
24.0540206194106
37.3372429743349
60.9726278395758
31.3665295727576
9.77884719868584
24.0000905606367
37.2811599900367
60.863918959533
31.2786937859991
9.72027600164306
23.9183816281565
37.2202564346184
60.7644103677504
31.1796632197406
9.65874811770298
23.8027695858923
37.0527586843736
60.7240704973435
31.1083991686464
9.58537229590398
23.7396035418541
36.9509406404475
60.5497984481752
30.9470456341862
9.52779631620659
23.6611097160974
36.9005193812154
60.385616911897
30.9047418709001
9.48442729790763
23.567141891544
36.7803766380192
60.223697929986
30.7813154216032
9.41605136037738
23.5001880840649
36.7066555767004
60.1419454679013
30.6601131529179
9.36442008057652
23.3838586220903
36.5917439904147
60.027070179982
30.5630210848406
9.29527830071139
23.3301925234548
36.4778813077951
59.9548288155594
30.5012788977145
9.2422351287604
23.2431174428084
36.3591852789602
59.6379667694526
30.4002282465344
9.18894572421815
23.1769055225029
36.305087200616
59.6538612523962
30.2788189695368
9.12554012425253
23.085319922089
36.1454923185159
59.5774516212687
30.1632916276701
9.07581458140666
22.9802078064945
36.0584416266266
59.4713926832191
30.0839911669455
9.00137000875379
22.9157786909565
36.0040049115768
59.3609338806423
29.9956764553394
8.94692913486967
22.8416656789918
35.9179251836651
59.2555707573907
29.8562894271533
8.88763124105339
22.7461107437397
35.7247701388164
59.1264161841392
29.7998717111149
8.83455236149578
22.6739881908379
35.7187655914958
58.9341832362996
29.6393098593671
8.76349512217026
22.5902477202593
35.5800276288821
58.8056941440605
29.57084236899
8.72172960874035
22.502294901301
35.5757764086525
58.7818904067169
29.479737672721
8.65895831937713
22.4754995444185
35.4596219680775
58.6421198931753
29.3481180493328
8.61014065056647
22.3509945054259
35.3363929571739
58.5566136621256
29.3178996840726
8.5490525439286
22.2816683520469
35.2813707211561
58.3475448041051
29.1472178995373
8.48825557397429
22.1869420167155
35.164724037072
58.2798296108112
29.0858041892861
8.44233105191074
22.1331672043959
35.0987916104423
58.1711369558717
28.9995254987728
8.37831543590814
22.023330438755
35.043120492928
57.9602248326178
28.8815161667783
8.32483240370877
21.942811756334
34.8567958200008
57.9085349151561
28.7992260337132
8.26815414576756
21.8785571678473
34.741391513743
57.8174995493853
28.6878863004676
8.20786773606416
21.801005067463
34.7123873455863
57.6909862419087
28.6051475147115
8.16878515980112
21.7134885875549
34.6065713857182
57.5720424349249
28.5165303983277
8.111085628577
21.6445434697811
34.5339087210914
57.4738385951602
28.4791642002098
8.04493356552843
21.540120775994
34.4013124838117
57.3046005226185
28.3724936350841
7.99240375530021
21.4719633653335
34.2846128417274
57.2427658083072
28.2501036454215
7.94374422167797
21.393648270262
34.1716952970932
57.1720277477278
28.1470864060927
7.88736567051986
21.3412955761759
34.1353849027006
56.9686115785374
28.065926406312
7.82810375898929
21.2485183052518
33.9937792228726
56.8977003100335
27.958608601397
7.78601261903991
21.1624005702994
33.9206214053126
56.7809327339033
27.8271766423547
7.71840344559475
21.128870747359
33.890009049433
56.7206615830044
27.7241324151852
7.6699819390206
21.021092022562
33.7388425612499
56.5234979346755
27.6774729141367
7.61121052293718
20.9418490998931
33.6728000961935
56.4680985054498
27.6181384965581
7.56672580823716
20.8520804125482
33.5354697071517
56.4010365671105
27.4829425664892
7.50753376442934
20.7827301105586
33.4898634800875
56.1780619263922
27.4036938752074
7.45086906579253
20.690410684761
33.4137523013398
56.0203258366964
27.2748765900667
7.40828129772843
20.6294089415357
33.2878450407137
55.9683014851428
27.1945718662262
7.3428356389719
20.5820385884841
33.1974762490053
55.8895327659114
27.127118196872
7.29734145996891
20.4933263828877
33.1023083000505
55.7104562649526
26.9913781067953
7.26714357938953
20.4018993290464
33.0207425439425
55.6182536932858
26.8868103677152
7.19528862581944
20.3292734190919
32.9098660252568
55.4851938387665
26.8051165072757
7.14719013580354
20.2495652500925
32.8083094123408
55.3127274644642
26.7156366649569
7.09913542270636
20.1692245556146
32.8014279996715
55.1488775046438
26.633352861849
7.04093430906006
20.1023382362013
32.6380776165712
55.2327346042449
26.5731453302872
6.98795560914164
20.0404527818441
32.5943435526424
54.9538181272756
26.4615974923339
6.93908606210966
19.9328026977522
32.4783582952853
54.9234162362845
26.400664129952
6.88588907884266
19.8484042659387
32.3668214730349
54.8393317667066
26.2511358240799
6.83408976891966
19.7526862044517
32.3290300884717
54.7991567304117
26.1968723770275
6.78585339600086
19.7378746200515
32.2121816460166
54.6228781966053
26.0979787992641
6.73063276348961
19.6109780917631
32.1217683218293
54.5008230165679
26.005099419542
6.67809958140424
19.5595098311818
31.9783082549507
54.3836139285551
25.8713397269129
6.63626188232475
19.4784707562813
31.9812241332594
54.2473692588166
25.8104598695815
6.59005379494417
19.3989031125057
31.790900786993
54.206839844941
25.7469642627565
6.54081050672149
19.3444614501774
31.7663210422981
54.0742848724311
25.6247798925213
6.48985014903475
19.2534956050243
31.6416230958366
53.9733749943642
25.5363754456804
6.44421518175684
19.1916539002924
31.5791530821626
53.8085411598913
25.4547834987669
6.39151415455478
19.1251309244308
31.4317979817062
53.5965707735894
25.3638532647613
6.34392118257715
19.0135559917913
31.3676147544163
53.6335906500607
25.2858458477374
6.28578063467733
18.966427278786
31.3071866762154
53.5161343884993
25.1788166386205
6.25487024112458
18.9126805281627
31.2401515588365
53.359498768747
25.0815108791289
6.19573147003821
18.7847986620912
31.1011062716452
53.1949809059706
25.0333634184313
6.1474634401635
18.7347315499676
31.0491804620597
53.1699527542016
24.9011648658751
6.09568901359206
18.6412799973999
30.8934776164646
52.9300576246043
24.8278008245288
6.05010670194973
18.6095577013284
30.8643261828396
52.8307654390029
24.7098289339463
6.0101412629122
18.5377023593641
30.7621801650811
52.7879588820138
24.6693868786565
5.96422359577755
18.4673860114049
30.6893674915166
52.7122847557704
24.5594002249618
5.91087469593487
18.371828561858
30.5465959072513
52.5947653323419
24.4891906995838
5.85896854031754
18.3105347126319
30.5232938903962
52.3960341778543
24.4052990711369
5.82783170331303
18.2544666198417
30.3953853648304
52.3139716462745
24.3283156875719
5.76987229359916
18.1781860357308
30.2973605273475
52.3577278924195
24.2047166730373
5.73125333207644
18.0604049111936
30.2186593294489
52.2037545389893
24.1343918588991
5.68526493271984
18.0131721777606
30.1721855946982
52.0725809577817
24.0046399591643
5.6370195026076
17.9423161052075
30.0702161682503
51.8808144814921
23.918016297216
5.58079797620105
17.8712986686937
29.9420359207277
51.7239656609451
23.8473526648935
5.53654127802274
17.8184216260232
29.8767940799086
51.6960703358969
23.762875882062
5.50515420389108
17.7335653459038
29.740592685801
51.5319260471334
23.6554276221942
5.44963586454629
17.6612367529003
29.7398432486434
51.4399576155486
23.5619186078449
5.40393181527783
17.5730328612024
29.6463791986165
51.4299718744938
23.5080500678865
5.37090667277574
17.501468889505
29.5930725286978
51.4034103277879
23.388981321122
5.32699220898172
17.4485999223257
29.4780051269604
51.196420792186
23.2716865131986
5.27041353249681
17.4026034165967
29.4059914057512
50.9646933236753
23.1876910762555
5.24026091184101
17.3239381937868
29.2558465763147
51.014468887662
23.1187533694882
5.18253976715467
17.2455033178986
29.1571827909705
50.76295661711
23.0415469308295
5.13689736183402
17.1591570313015
29.1809753048529
50.7655067794702
22.9419993228286
5.10591174324778
17.0800243726787
29.0111904008929
50.6070139211028
22.8959240498049
5.05086651403243
17.0194757118919
28.9695771441696
50.5175550063947
22.8225225215365
5.0183902031655
16.9685279163726
28.84298455527
50.452283928847
22.7484075961833
4.96934494824197
16.8680771641996
28.7552906051809
50.2250240032313
22.6866201198296
4.9114416835621
16.8225656644936
28.6674986405072
50.3044951915372
22.5186192869572
4.88439023625883
16.7814349327242
28.6091357881013
49.9508000966305
22.4655368239416
4.83258059579335
16.6722737303958
28.4830630999882
49.9604615408007
22.3920298607951
4.79317925261023
16.5883955160511
28.4586109985431
49.9612450951627
22.2847763007158
4.75333005403902
16.5597447221543
28.3494151253413
49.709551242292
22.254564733312
4.72674004680211
16.485747929517
28.2605112142843
49.6609349234757
22.1055796642866
4.66599994703169
16.458143530362
28.1568196222687
49.5251925262313
22.026035218294
4.6218475388816
16.3211908668242
28.1328807332974
49.4437489675612
21.9282605171934
4.58650537378719
16.2764679642049
28.0098954397982
49.3042501900264
21.8385096177693
4.54752670623083
16.2057940244445
27.9179322925314
49.2291407959489
21.8085288434627
4.50691416827038
16.1340828444667
27.8748009118429
49.1834286820329
21.7262437786806
4.47808923079228
16.0785716703764
27.7263515277206
48.9774688502601
21.6244195753655
4.4221087105333
16.0030954694926
27.6055586401383
48.8469801639267
21.5653829921919
4.38451376117311
15.9582102858605
27.5422196069472
48.7699828187402
21.4743195239872
4.33345622425421
15.8909954042472
27.5187934823765
48.7160925913645
21.3733880548198
4.31800700406875
15.7927722768424
27.479418237951
48.487674356265
21.285004791529
4.26385663753183
15.7103381097087
27.371550398371
48.5262848022665
21.1924307760581
4.22046680835017
15.6407428768223
27.2713930791673
48.3293258447115
21.1209800193039
4.18871042702915
15.5939979157826
27.2002326619044
48.3420687422506
21.0741791791348
4.14595705834951
15.5181311083224
27.0693548386124
48.0760663136387
21.0175367151618
4.09831040796068
15.4855505006232
27.0275486730281
48.0813433753733
20.9047506012493
4.07653525660712
15.3648607655996
26.9354518666987
48.0002760050425
20.824033107743
4.03903635818425
15.3429719015039
26.8641058350103
47.8572974645178
20.7821885763936
3.99270643712038
15.2730441482627
26.7960892095579
47.8116669039372
20.6144394024015
3.95474149795713
15.2095077771703
26.6895541669434
47.6549083612872
20.5553527617286
3.91700084025543
15.1321897168574
26.6428878348273
47.4296656361449
20.5025020801994
3.87276059885479
15.0655581259667
26.5002478786558
47.4936608273543
20.4218149787868
3.8437122308216
15.0099819666682
26.373420272182
47.2939885838826
20.3541176687422
3.79678691182954
14.9537133139076
26.3858000591976
47.2440148736362
20.2794478334044
3.76096913610679
14.8715475996608
26.282260640035
47.1352788758858
20.1884351422826
3.72962272044536
14.8168506583548
26.1851495234059
47.0238986253826
20.1158534849304
3.68730726283226
14.7671489677219
26.120561685612
46.8410044902477
20.0108435767102
3.65255987297242
14.6496889172454
26.0365335189427
46.7972353491433
19.8783533628573
3.6181889948204
14.6086732094464
25.9862932586342
46.6086343454772
19.8354831198635
3.57616175697498
14.546156145501
25.9000850245945
46.493456202314
19.7746727916464
3.536729566922
14.5109001542688
25.8126255637383
46.4557585953199
19.6521143936992
3.50568693116211
14.4152561680148
25.6680068826359
46.4196418689281
19.6006726218848
3.4796941460421
14.365743626354
25.5883118608859
46.2375863452481
19.4897678067245
3.43613842926536
14.3037152037026
25.5092112870427
46.210769483566
19.4170503635769
3.3984459010335
14.2313620603291
25.4889790091808
46.0775425384385
19.3719018053811
3.36419355432757
14.170275030419
25.3778489652274
45.9753118737312
19.2954911967086
3.32990342941727
14.0973639246518
25.3033202495211
45.7966697341057
19.1804183036019
3.29322320105065
14.0442595477213
25.1782597387196
45.7057019470204
19.1602485703726
3.2676196933337
13.9664502447259
25.1680376270523
45.5245327191845
19.0448212309199
3.22734334637457
13.9003145531845
25.037367862429
45.5407664864383
18.9935377292788
3.18691589559616
13.8637977439326
25.0334206845241
45.4409763175062
18.852920901606
3.15372479483925
13.7403080975225
24.934178741573
45.3217489359834
18.8146047923019
3.12910811941014
13.7748317707696
24.8697853186697
45.2124919346295
18.7180912718893
3.08670801490689
13.6585516668874
24.7048040236008
45.0894825115658
18.6074629111395
3.04885920496934
13.5951601617714
24.6409665275292
44.9626012911326
18.6022434163946
3.02424740253852
13.5277562758435
24.5968106718592
44.8610727187904
18.49979369621
2.97994967833437
13.5107852595128
24.5093577213816
44.895316025774
18.4583829576703
2.9555417954271
13.4020722389367
24.4327405877719
44.8601372440079
18.3752970753297
2.91883809933435
13.3586722387445
24.307844982674
44.6847230631502
18.2881367372792
2.89142490421794
13.2896851962161
24.3033082878832
44.6151473194026
18.2243344966947
2.86033206858436
13.2372849565685
24.2105928159344
44.4189766070193
18.1711506777715
2.8245134161103
13.2004836923617
24.1149808667868
44.3652414196833
18.0170504859055
2.78500279068298
13.1030942136421
24.0728487927596
44.202127633736
17.9868524940288
2.75812985200478
13.0383622338975
23.9798067582818
44.0825429851828
17.9474797139996
2.72385657615922
13.0021739272108
23.8756524886436
43.9752289739333
17.792070842917
2.707979959081
12.9103689171053
23.7959008021616
43.9492052135059
17.7239209058402
2.66574812891518
12.8436997934126
23.7261530300328
43.852133330672
17.6448904713421
2.63055881271797
12.778527929826
23.7013710728454
43.6705017281295
17.6197329920792
2.60836080774879
12.7406353685101
23.6002837401176
43.548835648984
17.5863522576751
2.57540521846612
12.6515708503285
23.4978422218286
43.5525410952496
17.4885024895369
2.53827782170308
12.6319536037525
23.4715441690562
43.4511302329674
17.3702248009878
2.51101089892584
12.527108838755
23.368180123616
43.2217946486265
17.2923195715438
2.47970786016009
12.4969727413364
23.2527168620048
43.2475451040099
17.2097975442228
2.45567079314308
12.4681299612935
23.190936970876
43.2506292082457
17.1076204161584
2.41394386670423
12.3644158604897
23.1653264455352
42.9537266675159
17.0276039270724
2.39126615681756
12.2910648916593
23.0475039282728
42.9783982398286
17.0249225303849
2.35494122764823
12.2497700407137
22.9739231161554
42.8843964742824
16.8868261641795
2.33261762424338
12.2283547529211
22.8527472299168
42.7133508433316
16.8813121346337
2.30202039918015
12.1185379181277
22.8210657964303
42.6714074484191
16.7329685552509
2.27479271349791
12.0741057052796
22.7793669619928
42.5653057180625
16.7082439288259
2.25345297762405
12.0214785869724
22.7301216147496
42.3880407509762
16.623319532798
2.21260124148027
11.9346938672899
22.6264932732262
42.2747914081394
16.5300949765544
2.18945708447071
11.8531832149377
22.509539489762
42.2621830659204
16.5013881920357
2.15153647484364
11.8449482516297
22.4188201885661
42.2816752829025
16.4401539686064
2.1414149540198
11.8159068518514
22.4338404184704
42.0352072267185
16.36144454225
2.10158993648272
11.7162079867526
22.2642854242048
41.9311752495825
16.2549147187401
2.07237660857644
11.6358939339159
22.2818503235155
41.7450887819344
16.1895986176763
2.05571425901952
11.6256092512044
22.1543346864307
41.7339700553655
16.1178564855469
2.01595911550134
11.5371834873036
22.1092435157813
41.5978848395005
16.0929012786037
1.9969424258701
11.4999208001057
21.9761305742059
41.6419240107085
15.9983714655867
1.96609912293589
11.4175704276218
21.94474143366
41.2695009381442
15.9061291328617
1.9511896418686
11.3521815749088
21.8332455432496
41.4424017499617
15.8368001190967
1.92292252147627
11.3225009423161
21.7717945262296
41.1521483369932
15.842757951444
1.89099549137705
11.2983339922919
21.697202054794
41.2634827038199
15.7061233004826
1.86097892392239
11.221939805202
21.5838906251719
41.1325206334895
15.6254233945068
1.82944029397094
11.1700813324463
21.540839440498
40.8459124581115
15.5556036466092
1.80644550392857
11.1220896658433
21.5034480911914
40.9018575067458
15.4949990402114
1.78110394219995
11.0424896786131
21.443792759473
40.8610957414332
15.4255180262503
1.75789235981717
11.0233953635396
21.3538737344507
40.6189315749045
15.3434321956056
1.74302229237354
10.9093934564854
21.2363414179364
40.5932517711371
15.2628503905387
1.71291885434816
10.8796552823847
21.2049455975825
40.5207985001713
15.1827639303215
1.69413052504789
10.88165830282
21.093535666434
40.3201416337006
15.1940466618934
1.66461963027615
10.7786189032578
21.0641712808247
40.1854127540771
15.107543005984
1.63744737492563
10.6663522591644
21.0342611857287
40.0988156329804
15.0275807129506
1.60906701591174
10.6884624425365
20.8504454565981
39.9992770580517
14.9962259084661
1.5836688842328
10.6076303313886
20.7409606340601
39.918483308157
14.8903284162342
1.56619446020475
10.5274989926722
20.7259676376718
39.8670326825145
14.8053402934362
1.54092256984321
10.4673778624079
20.7178121710489
39.7679205436016
14.7219011566597
1.52444671021273
10.4455680676625
20.5644800254711
39.6575304515327
14.6825070536614
1.49730746184733
10.4073559158021
20.5254731618631
39.5739976795222
14.6063928267744
1.46700129048188
10.3047924901447
20.4409541121719
39.4255854640928
14.5222562101792
1.44841739157294
10.2759390837483
20.3484399427508
39.3438306325786
14.4483948641232
1.43039270086775
10.2267563473254
20.3139119035047
39.2905448896601
14.4332194124558
1.40617274936211
10.1407111936465
20.2816350851239
39.2041729392331
14.319083388451
1.38343602643962
10.1056136772094
20.1905526575088
39.0872474339496
14.3214038227868
1.35320397052806
10.0877854136647
20.0576568108718
39.0362268045784
14.1942964012634
1.3287220007798
10.0059641963325
20.0320827663017
38.9958565671694
14.1635016484663
1.31443555164248
9.94091507744786
19.9316131121856
38.7533857197363
14.0470534110092
1.29845780811173
9.90848296369811
19.8980125866192
38.7215186997163
14.0503658642178
1.26730894750752
9.88474434542082
19.866055668232
38.7883888393913
13.8929703857034
1.24175933997569
9.78640610105079
19.7764882115147
38.4919297149171
13.8564083193814
1.22268400692565
9.74503464437003
19.7065504874108
38.5196054084309
13.827461622177
1.21309983874848
9.70799426568831
19.5977168475869
38.5227715877059
13.7225719856213
1.17940210229316
9.65998587737352
19.5371347538599
38.3145807274869
13.6112128100119
1.16928905693715
9.59009622161847
19.5033740365078
38.2510877430338
13.6380550243423
1.14651004782368
9.53295381765399
19.4228941561576
38.0728576831091
13.5410245140792
1.1267951663835
9.49174356868455
19.2789615466623
37.9564679023561
13.4890214481107
1.10428648874859
9.44482596738945
19.2983928584803
37.8300574447106
13.3882876158712
1.08922137297289
9.36729749031665
19.22743081177
37.7505656429837
13.350267023857
1.07241146503459
9.33164081703763
19.0983048534498
37.6627456843429
13.2810972333355
1.04972050973349
9.30178294499917
19.0779773702839
37.6484426134231
13.1684196704844
1.02801781981717
9.26889700535635
19.05429998269
37.4868334848472
13.146401445868
1.00890704993105
9.21329120633704
18.8973191143985
37.4816794813797
13.0644140756037
0.985451562965226
9.17402703848591
18.8825359690048
37.4427436404523
13.0633233149763
0.972593559875957
9.07873267280518
18.716983285425
37.3147766360711
12.9266894420322
0.952698463784706
9.0319736587565
18.7060607145436
37.0285493107724
12.9231993161336
0.935204673322524
9.00821533969655
18.6548770911517
37.1065921795307
12.8085086176542
0.917001179969306
8.91407257073721
18.5655925043188
37.1355620752512
12.7828409641971
0.89995587532206
8.87534949595821
18.5173513329115
36.8853040403703
12.6970615599
0.884157943264606
8.82467422818253
18.5006642750162
36.8376584750992
12.6126142942036
0.868708669542235
8.78370598028746
18.3404548208286
36.68014290031
12.5945427138758
0.850345775035743
8.69858585434501
18.3754980575154
36.6042976599546
12.4685449936405
0.843020957611528
8.67031622633888
18.2626130591927
36.5342347900267
12.4204053278423
0.805988563027589
8.60572932229316
18.2304424199491
36.3205735680044
12.4098482207614
0.793203098884882
8.55879271370296
18.1063881138736
36.2847546233057
12.3710571178467
0.783351602479566
8.51220420674147
18.0426680567557
36.1913781280543
12.2701602502831
0.761182296673082
8.49892374257553
17.9577389332039
36.1454005010694
12.2314221845927
0.749087438053042
8.44495631302715
17.8913137591935
36.0870866123069
12.0971274947906
0.730173310501676
8.35710644927246
17.8281044855457
36.0613296365206
12.0557696236171
0.713393734301828
8.33497768103937
17.8144143060491
35.8689690537346
12.0169962164875
0.702965265492387
8.2754598210569
17.6644696313012
35.7402429655073
11.9542230201984
0.681566366614861
8.24875891487606
17.658334191172
35.6147924979198
11.8900664911811
0.67048994712124
8.18651016108167
17.5914485955925
35.6090756734609
11.8342076376086
0.652899723451865
8.13182676429403
17.5365140798596
35.5047050494526
11.7766143841666
0.635727265437496
8.07562201985113
17.4627948752133
35.4267883659566
11.6538612621596
0.618513509222638
8.03896121983395
17.3894573982665
35.5026022633599
11.6856800136452
0.61335544601012
8.00363444492645
17.3449329889677
35.2332065750842
11.514309476085
0.593259650242846
7.96683597068999
17.2084972843291
35.1913443376394
11.5274015664385
0.58114961383421
7.87869660194413
17.2048757867633
34.9785160892285
11.4948004384275
0.567408835093317
7.85044563758747
17.1246471768068
34.919075138996
11.4165524064059
0.554588339307199
7.83672971719563
17.0774522665544
34.787014407724
11.3320450622885
0.54474471440089
7.7638983551954
16.9729841720536
34.8640327517137
11.2916234966618
0.527070740679571
7.71280988470155
16.9073114173986
34.797636345334
11.2193737906994
0.513113488103673
7.66899695839278
16.8724647679253
34.5451980060857
11.1147181009216
0.501356927566611
7.64913793111916
16.7869941502432
34.5927572486874
11.0893530752321
0.488644580089775
7.59092618695161
16.7014456494284
34.4939682046228
11.060055248612
0.479361636232312
7.53139262756621
16.6708290478282
34.4467063443974
11.0055343626993
0.461437313184085
7.48807767845583
16.5921019301006
34.2314109192305
10.9399231145942
0.448723675697946
7.45944338607238
16.5380609350691
34.2039774063751
10.8411282901796
0.437806773022643
7.38326948842842
16.5183049213243
34.2794056414743
10.8054741850903
0.429456610995812
7.32812080748552
16.3484142946619
34.0900257399737
10.7498631414582
0.414657482436296
7.32089409022018
16.3316792217851
34.101524143146
10.691443899498
0.403210638336671
7.26958867091222
16.2760470309438
33.904396275219
10.646858160332
0.393526040961278
7.23719335722296
16.2182194355038
33.9160264261504
10.5513984345363
0.383495674183289
7.20286673583182
16.1218128822408
33.7597471342133
10.5212604650987
0.37092054228388
7.16393059414952
16.0547020669188
33.6231238478348
10.4770264167074
0.363216781397641
7.07991300057768
16.0520073911267
33.5523241591004
10.4450564640459
0.349347920714436
7.03089721962279
15.9857327554328
33.3020824618816
10.3469591901468
0.337693018955165
6.9653007521093
15.9036512193452
33.3640113445634
10.3195370970825
0.328247701429235
6.93388768404239
15.8821134984259
33.2224525408167
10.2504187420616
0.320229815462729
6.91472563087027
15.7402948554889
33.0844155585245
10.2038949155684
0.311055529873499
6.8636892354575
15.733920963967
32.9302402205725
10.1396972644856
0.297342837438454
6.79602363389115
15.6079142925804
32.9092563642707
10.0492801363078
0.291073941155571
6.78044936620007
15.5837800316504
32.8833549783907
10.0189244936641
0.284317989247394
6.7439991139799
15.4442328927219
32.89957722544
9.94384719366709
0.276568301982316
6.67697181255343
15.4995881729316
32.6836042965892
9.89728645855145
0.265183712071495
6.65308319140492
15.3713178433489
32.6444932837703
9.83768789526161
0.256370488195059
6.62071425092611
15.3365435533357
32.6227458272473
9.82487942818002
0.250406736840786
6.54542189152439
15.332205068461
32.494446660866
9.77026558838846
0.242307979433003
6.53012166640396
15.2769145396302
32.5133582721073
9.65387892758484
0.231288077784284
6.49412882967819
15.1982890521386
32.2656211765377
9.63447914054193
0.223400443068579
6.43915752341585
15.1177428661478
32.2196486670213
9.554901086906
0.211716350159492
6.37432656691421
15.0478811175438
32.1245864390592
9.47739902873595
0.206597268862775
6.33858715634775
15.0332384645016
32.1333794332661
9.47215097910106
0.198897550344463
6.29549138783919
14.872832616955
31.9309435666327
9.39560543588243
0.19527048854216
6.25821472311705
14.8567996069149
31.782823551725
9.33544338812539
0.188876749280298
6.20463045923421
14.8517047079862
31.676984143307
9.28292100849335
0.179595650392278
6.20610825791338
14.7364395378219
31.8126058646037
9.2543268686814
0.174373672945786
6.14384125810075
14.6225821350527
31.5518560594039
9.17603723837793
0.166986206990031
6.10974492830421
14.5929918101395
31.3521507223912
9.16067404861547
0.159162853139164
6.06567666325511
14.5215450305045
31.3090687941469
9.07681368981156
0.152969704343603
6.00266933969872
14.5306387056292
31.3231225742517
9.02155949887771
0.148349373430968
6.00245744472596
14.40048816799
31.3075961697885
8.96772202001521
0.139947665334593
5.90997642441834
14.394780331227
31.0737036114185
8.93521472090346
0.138515902878208
5.90172571157681
14.3037803834741
31.1321626816901
8.89669575928937
0.131382993591237
5.83491637113847
14.2598496962283
31.1182745819138
8.9025570492053
0.126882616891399
5.83627761423791
14.2079682269902
30.8548377104736
8.76944378129228
0.123457724991782
5.78241334618893
14.15901169962
30.7878954328631
8.70763339590648
0.117172169200344
5.70650078551618
14.032188154607
30.7239393517594
8.66867183800998
0.113483180267512
5.66639933159481
14.0340034915861
30.6671465489394
8.63121864485236
0.11040955626685
5.66436851635377
13.9995994177725
30.6278342483098
8.59180168458368
0.104826435503457
5.6170977743031
13.939288847439
30.6078442389879
8.54426379607113
0.102815107860126
5.58096117784921
13.900387636005
30.4212288738584
8.48420924229732
0.0963221656683681
5.54079621317252
13.7974787166904
30.538674767384
8.47512658687523
0.0938937215830929
5.49384005492229
13.732172222682
30.1445474628132
8.36062093277113
0.0905022424236377
5.42543036822694
13.683689015949
30.0958845398434
8.28672673028416
0.0880876622418456
5.4084248044495
13.6604740780381
30.0372379768893
8.22917654188498
0.0812655577112019
5.37709383920644
13.5315318769105
30.1455823901423
8.21236139177919
0.0816625140358364
5.37806331325286
13.5038574540753
30.0183415248472
8.17725668310802
0.0781115717383939
5.30224726258701
13.4648480379941
29.8743540634008
8.0887338489713
0.0772794856465795
5.26922519101282
13.3641681752873
29.7753462828059
8.08364227517859
0.0742047322404254
5.23092336032641
13.3317962047691
29.7155633168973
8.01431855623751
0.0725073029689026
5.18928546081795
13.3293642061557
29.6279478896481
7.9853268520751
0.0695449492272557
5.17166973581434
13.2449624999035
29.5474752825399
7.89030123971854
0.0681222760146111
5.12743540004865
13.1383022427542
29.5355040630448
7.85806555761071
0.0666798457650426
5.07958368030851
13.0819678992055
29.5101546117543
7.75409801167011
0.0664091715635796
5.04310897230817
13.0490472915373
29.181812967367
7.73951112293167
0.065770253923452
4.96466390174254
12.9547592644448
29.2595706498191
7.72086331212609
0.0637378559970581
4.98017200174547
12.9748154764529
29.1493591642283
7.66927459376594
0.0633583851839466
4.89435943193421
12.8359427738772
29.2470251636964
7.59862587245831
0.0611597698124376
4.92711047287809
12.8645251580896
28.8509759299566
7.60450738849369
0.0617926175009609
4.86195403957555
12.7808918691518
28.7549113414134
7.47020795654099
0.062846356265785
4.82750820699589
12.7435538777066
28.8110638093377
7.49692314222006
0.0602962074013618
4.79230672002341
12.6225233700957
28.8104778144873
7.40261560543089
0.0617964851142028
4.71501089002136
12.6179047450468
28.6060719717499
7.392272638218
0.0619669017914261
4.72442574660897
12.5419718772447
28.6121925996352
7.3180483441938
0.064598786355759
4.64628972013592
12.5359427933438
28.5925919141379
7.28152248277472
0.0628962681472327
4.62085793728465
12.4144625698959
28.4401206730031
7.22246072003863
0.0640897596323947
4.59798134250535
12.3689279482435
28.2903676933737
7.20338127770362
0.0672735615629654
4.55204862733173
12.3305943133676
28.2465801069365
7.15546480407261
0.0682137930859938
4.52541468159838
12.3443524741759
28.04517407499
7.12349437206065
0.0696636742540177
4.49505089339158
12.205403560852
28.1905456287518
7.01153227508532
0.0713536326006488
4.43456204540279
12.1874490301611
27.9701066822647
7.01107197710437
0.071414573867413
4.41636719317941
12.1161504691982
28.0103154806722
7.00339496667662
0.0763641776137748
4.40968574857888
12.0491709607282
27.9504002319062
6.886810484306
0.0762650193746839
4.35115344693075
11.9754015697047
27.6670486083336
6.86435207960166
0.0772596018609548
4.32943015107486
11.9438692264149
27.6667881506484
6.84009824285409
0.081965737974903
4.2923955618566
11.8677931971209
27.764170991201
6.78429448741442
0.0827543764219935
4.2357235949148
11.8310104688413
27.6810727129468
6.74781056625577
0.0883305891470658
4.20547430358947
11.7552012425039
27.3835516559334
6.69461719491789
0.0929975276444745
4.2139196401225
11.7326636437909
27.4643623346516
6.63676492364134
0.0935438755980823
4.13577408923261
11.731616605282
27.2541137035008
6.59506047711669
0.0983857764788055
4.10857248388921
11.5957656908901
27.2299646985765
6.59694440493629
0.101980287614122
4.08589801661734
11.5448037783346
27.2273653394844
6.51976004550573
0.103976898860735
4.06786028729667
11.518178874364
27.064632454482
6.47745787978138
0.108338789401569
4.02309468432051
11.4761477803008
27.0782730198296
6.41944060717655
0.113534314899637
3.97078794318509
11.370655860245
26.908257785054
6.37735495325943
0.118684238305283
3.97641590058439
11.4038890524572
26.8449595062608
6.33781168827355
0.12594005496093
3.90046071204645
11.2938194128379
26.8308978349609
6.25430715797619
0.128708467053179
3.86790141049552
11.2504687579249
26.6932037382576
6.25201764705996
0.135716573439189
3.86924968143132
11.2231973328528
26.6297201745535
6.2065039771182
0.141083674367436
3.81465693999856
11.127854156718
26.6013443256853
6.19857921891013
0.146101367606417
3.79407048519902
11.115701675039
26.3687389832425
6.12970029149169
0.148974471669629
3.739105778723
11.0224551883498
26.2998368847764
6.10250891829994
0.158783787688526
3.72955874574843
11.0349172230383
26.3572186489057
6.02024938683911
0.164291110279467
3.69821370009458
10.9159924183592
26.2397457169631
6.04837232402656
0.167478686476939
3.67001747944848
10.8982321490496
26.1859427404255
5.94152480554285
0.174158825353885
3.65636986820689
10.8608816602513
26.0942825263325
5.8738846224921
0.183824810062328
3.63027182916557
10.7363268573263
25.9238920474303
5.87914693307985
0.186515554794869
3.60342881369502
10.7303549985278
25.8786589321943
5.81911301196962
0.193542315134632
3.53252140703308
10.7119219581589
25.8505980471359
5.77670459619263
0.204990877788395
3.50239455880929
10.6422807386093
25.7632834401853
5.7162317502986
0.210279307798037
3.47080358693753
10.5126269781033
25.7202042113706
5.69293567603766
0.218700808373474
3.44555286491378
10.5207066556881
25.6267874746759
5.61779194883997
0.219395940476774
3.42755508424899
10.5109310791416
25.7151246718128
5.57686267244446
0.232553781397984
3.38066383090504
10.5040098599031
25.5175093739874
5.5736534949734
0.241599336404758
3.38339858795942
10.4049305534244
25.3884385870846
5.53876498085322
0.246187291158925
3.31748587561999
10.3452088040209
25.2895391241348
5.48695727697616
0.255758073131547
3.30456800745263
10.2656463011655
25.2982315028609
5.49469624177746
0.267127801540735
3.27828800989336
10.2476448900942
25.1821137279772
5.43628695012493
0.279103339988539
3.22678374949443
10.2044631667789
25.1657667677596
5.37026491902887
0.286839597669997
3.23842116002079
10.109078637738
24.9147112273725
5.34227690513168
0.295610313187967
3.18434539568846
10.0816577872889
24.7591381116826
5.27717544539362
0.306333609257628
3.17841557568596
9.9897910014302
24.8418584496004
5.24657257244557
0.319740865860011
3.13182866122188
9.96193595130343
24.6050611085879
5.22085604242516
0.322055576508015
3.0862401823354
9.9190537970177
24.8498352749768
5.16435084283284
0.336959924401911
3.06820090723581
9.90003240980367
24.6574766481432
5.13529550810121
0.344967840812613
3.0419890117847
9.81322385729047
24.5525989049074
5.09620046898955
0.35026436550589
3.02550926504331
9.80531427348055
24.5027445479425
5.05198775333519
0.366301917416121
3.01071601480944
9.75600714229687
24.456493225011
5.02727709106381
0.375642626919964
2.95790960613383
9.71751517302405
24.5053540334876
4.95116972205065
0.387926629354177
2.92613538920556
9.58757420439491
24.3709881315348
4.92635310238688
0.389669814283149
2.88770830482206
9.62710501871226
24.2611688780426
4.89779829755987
0.402109384222826
2.88341369537138
9.58180972096677
24.1498118918605
4.89302985694678
0.414553355156082
2.83774577712374
9.49600904954716
24.0363498590294
4.81595561723582
0.4335944971369
2.82317782780288
9.45828580058823
24.0114475780831
4.81447825663122
0.438079125393542
2.7888911142308
9.40962468025115
24.0071907186903
4.72404623603962
0.458089644755248
2.78037369309274
9.33481056277317
23.894859831675
4.74732176982531
0.470587036812089
2.7664077560006
9.33989937110709
23.7485255733249
4.68386064515152
0.482142597123925
2.7221103967361
9.26455619318093
23.8000496278886
4.6542426256301
0.489976530152726
2.68580857293798
9.22635002564251
23.6576467692812
4.63854182425751
0.502479494110541
2.66276605024559
9.14090023988995
23.5554207275937
4.57313369001748
0.522049858715943
2.63794828385249
9.0805079639661
23.5363127124921
4.56921834963602
0.534562566023837
2.606214587229
9.10780385824472
23.3679222726143
4.49485821222472
0.546839691479014
2.5912648267222
8.99980222160796
23.3824169302705
4.47705342782468
0.559104766189716
2.54251031510651
9.01518391393337
23.369911534817
4.37249503123748
0.572570118625745
2.54508154824235
8.93081057156913
23.3663780005999
4.38120135975925
0.588387216792269
2.53585374491309
8.86487959931924
23.155780473067
4.3486594408612
0.595108779007795
2.47986386636517
8.82407354022451
23.1056387019672
4.31035976527004
0.608545714966626
2.44744589553269
8.85076915001106
23.0517681702035
4.31946464385111
0.625024966959915
2.44153332361689
8.72128443174909
22.8691522896245
4.2182180463199
0.649318893426368
2.42533679602467
8.73165968046278
22.8503007108228
4.18057259625652
0.663511129814912
2.38051357418704
8.59612127470897
22.8624899336187
4.14644508921706
0.677773254789502
2.36694031291933
8.60892309116673
22.8158054019446
4.15916572911822
0.691525836435976
2.32431702057693
8.60283029084523
22.6471063231972
4.12352825548964
0.706612946475772
2.32495682623081
8.54152071754475
22.6197157055001
4.09029580720284
0.719761874117666
2.27560114771215
8.508981917138
22.6795377892416
4.04886920096118
0.735506549329396
2.24988764010952
8.39433745421725
22.4912341621167
3.97255048996508
0.754266130208052
2.22939079533473
8.3798347624545
22.4300365585207
3.94957629948247
0.768333243727143
2.2207248357047
8.38820688729386
22.1806081834909
3.8911091856293
0.781430215135699
2.20032433751773
8.25287243031694
22.2477284667469
3.91394283896866
0.800764669213914
2.1569427817311
8.25262743722604
22.110147864213
3.89503705805303
0.820216764153658
2.12827362930064
8.20741495283435
21.9508983069181
3.82480134536425
0.832457512580515
2.11208571262281
8.1827585830911
21.9721360203835
3.76401218925496
0.845555374799087
2.10039723063619
8.16226232279927
21.9712567305757
3.74683429409898
0.875626854394687
2.05561909730409
8.06020459927407
21.8910322111728
3.71319269782493
0.885567766865238
2.03607070796957
8.07865120986319
21.8345560454972
3.71454406867781
0.904513514882821
2.03795780733162
8.00100963973424
21.8858188441436
3.64301776783025
0.918639564761461
2.01418243659048
7.97874699586728
21.4707133051777
3.64261297898571
0.934487398087691
1.9798606987559
7.95825160195243
21.6518006853706
3.60394595777615
0.977455610139419
1.97869305215735
7.87578039517745
21.5719520433234
3.60366196102611
0.975494513903539
1.94288121271291
7.83283328870007
21.4806918545279
3.54312746548589
0.999794785514201
1.91611486107521
7.82407470010118
21.325932013451
3.51229083572199
1.02523047329726
1.87254963597729
7.71325643877277
21.3446274284637
3.50318063930974
1.03721858574453
1.86777415646515
7.69971495081098
21.2739927014024
3.45446374986014
1.06818102207515
1.85728615996869
7.59925791417154
21.2727927688068
3.39770793261729
1.0685623708221
1.82469592449851
7.60826798422562
21.2266370141964
3.39929812877861
1.09787741175017
1.80272911488714
7.58569232418775
21.2154111335679
3.36784036000785
1.11458039314305
1.79573137080885
7.50467476954587
20.9439618553955
3.33111243059595
1.13696722191284
1.76991184960429
7.47073289885774
20.9379924319075
3.3061142314184
1.14795876726979
1.75852694321176
7.41977543217542
20.8826358712199
3.24634871588523
1.17895109504378
1.72521219391018
7.47877641950011
20.7967217062956
3.2431755779308
1.18795854123665
1.70870590397054
7.36810645641826
20.7501515274482
3.23156825707124
1.20873719413912
1.69881806635605
7.3553311474756
20.6547768349862
3.16699084487648
1.24454416010669
1.66790228412001
7.33317290033729
20.6377512215067
3.13536352514613
1.25479039234268
1.64882265681286
7.2456390851416
20.5729527666977
3.1100481779118
1.28315650216638
1.62641370949497
7.21430076704654
20.3405538015527
3.13968824325042
1.29388682978691
1.60851635294069
7.13215155807371
20.4353624041615
3.08887320392146
1.31619343985187
1.58305845354261
7.12922188092702
20.3297018500591
3.04460521789567
1.35144629731751
1.56961272796232
7.0756468007271
20.4161135758719
3.00407965893017
1.37329937154135
1.52365969905379
6.99996382129924
20.160473783219
2.95795107477346
1.37921545228889
1.53956221463138
7.0165775504027
20.0489560250139
2.95965156127463
1.41243756119103
1.51377768422221
7.02069749145758
20.2091619466954
2.93067063520511
1.43347042339995
1.48562978068712
6.95793831122235
19.9347226543489
2.90413810467048
1.45860015398112
1.48444811144098
6.89709003423348
19.8856983560748
2.84608575197478
1.47791461403083
1.44308661772771
6.85942997928387
19.8789179588236
2.80650294925251
1.49283714995289
1.43606629831962
6.84329607400188
19.8237207459713
2.79099897280508
1.53709248936411
1.40935958155655
6.76118089822884
19.6573743082628
2.80612655390393
1.54259977036523
1.38898158204694
6.71668302601519
19.7834504156767
2.74649365184942
1.55972857399199
1.39526741191599
6.70758860983554
19.570675166341
2.71235444740146
1.5950185233574
1.35175235519414
6.64002730221024
19.52646616965
2.69866311647019
1.6231573815116
1.34820000690477
6.56350766292382
19.5365311700744
2.66058699299359
1.65224460911931
1.33558841808107
6.53590168537258
19.4729886748564
2.65744837865335
1.67103908423722
1.31566289430394
6.54548770349856
19.389826478991
2.61482171852025
1.67943167535654
1.30045094507747
6.51506289217976
19.2916119382477
2.57803745601659
1.70966154402736
1.27660534471836
6.45154793453726
19.2960279838589
2.57249863868609
1.74890473720088
1.26008662567962
6.39793630844841
19.2415049317592
2.54578267484066
1.77637149368527
1.24961330194317
6.38673162016809
19.0852637833475
2.5259072614037
1.79583583780527
1.22541033536587
6.34303279496222
19.0289718111783
2.49549986030964
1.82255808320747
1.2218776420191
6.29439099879549
18.8663154910387
2.45356206024584
1.84096634671599
1.18433867076098
6.23107763167588
18.8807128226604
2.41595481211937
1.86664629369078
1.19144150493792
6.20370562108773
18.930241049218
2.41370168313753
1.90357684513253
1.17266093587783
6.17909983891534
18.8089661450307
2.40004005260942
1.91147473841982
1.15568919486353
6.14576888090536
18.6610450428849
2.38064084164633
1.94817652522619
1.1279599630989
6.16934039122671
18.5716873604431
2.33665318614729
1.97622329399307
1.10297636631057
6.12518346184882
18.6279115441781
2.29849891692701
1.98454791734909
1.10551826055676
6.02908776601104
18.4932176111231
2.28509937692101
2.01682694944406
1.0991618695768
5.97605360723173
18.5753227370008
2.26158872399286
2.06334776088641
1.08185589532066
5.92727698574089
18.4078704378663
2.22618404164552
2.07385445438292
1.04354056466882
5.96094098590193
18.3375850037259
2.2042149729098
2.09929879331794
1.02892320298635
5.87428989103775
18.1986242816229
2.17688257722006
2.14189992049038
1.03744538657885
5.85370045324317
18.2212589078842
2.15317038829161
2.16131287590673
1.02853299902502
5.81644856760176
18.1208734034056
2.13369237247143
2.18250462544229
1.01485827707763
5.75719628480811
18.0291549555371
2.12332225343375
2.22919170893409
0.970524797795402
5.74290444707883
17.9847092178581
2.10691204457833
2.25760901391519
0.956389573770988
5.6594489464737
18.1448452385998
2.06613029925875
2.28945856013019
0.959395776176895
5.63788617749246
17.9206412968735
2.0527257253526
2.31802880203301
0.938693280926799
5.59264975982578
17.8851838754492
2.01901984893666
2.35168049904002
0.937591916925611
5.59369188692217
17.7668837817103
2.01663229238507
2.36386527506449
0.899686690730384
5.59465777798716
17.7736465624679
1.99646701396423
2.38880791818265
0.884100775437612
5.52973433936289
17.7483655135778
1.98881793431679
2.43446430605164
0.892493011294744
5.50026541408026
17.4987519920825
1.95375615342596
2.47092373687629
0.872811930676323
5.448910570774
17.5592138450959
1.92708860531903
2.48602276969505
0.865183713805085
5.41212629827171
17.4039610455678
1.86492773745639
2.52262732425066
0.846610872672972
5.43478853613774
17.4152748560576
1.87121212353048
2.56370510877411
0.826017479769989
5.38238371559971
17.3276888614239
1.88576563985508
2.5770297708873
0.833394391171434
5.29820782946365
17.5105782222032
1.8434749700626
2.61876233592104
0.804957840213143
5.31715827352174
17.2926801046958
1.84186740005435
2.65828765678345
0.811841819342972
5.31021996562744
17.184389786138
1.79308118355608
2.68298707100379
0.796096590922943
5.19561330074942
17.0721179602485
1.77049263618266
2.70203416096512
0.778689833975328
5.24834994818147
17.0232515926199
1.75160242618881
2.71978214900976
0.766241677456239
5.18167890842857
17.0339530023029
1.73297423856499
2.77351133732687
0.75275089812845
5.12698573313254
16.9481214001301
1.7035420758559
2.79335247947284
0.756364605208066
5.07288959351011
16.8110588954446
1.68552959583858
2.81314417795867
0.732577318917529
5.06831000629068
16.8455927501971
1.67167711462016
2.85318735093483
0.72830604693181
5.0326329705612
16.8534721325806
1.66183015648248
2.90544154154427
0.710606979579865
4.96209971372506
16.7543461165261
1.62557976789413
2.92716400168659
0.698108452978147
4.9476182288682
16.5998953202616
1.61506940081864
2.97226914251125
0.680774519798671
4.89334707341935
16.6069813058624
1.600533050746
2.98984175383374
0.681104345699658
4.8989001755541
16.5264255357581
1.56347643997099
3.05570705918467
0.672806222417431
4.83517885745911
16.4944344451686
1.5632601883688
3.0481386853481
0.652574650051249
4.80668875544477
16.4412728168533
1.53781123184676
3.12194829502197
0.643278803882408
4.80700224955774
16.3490704875237
1.50489604954342
3.14351726972021
0.631017908821224
4.76659512841932
16.3033810197892
1.48969532919483
3.18236929444748
0.632722098514055
4.70669708456939
16.2329826757487
1.50244385827273
3.19826480572082
0.606024004813047
4.68133303053374
16.1710531073519
1.4785622408979
3.24087190298809
0.598921914704978
4.66103286321702
16.2077119476705
1.45586800641392
3.29214685574182
0.596457467718971
4.62471857930659
16.04733853361
1.43550723457666
3.31018274734053
0.579410289264395
4.63269585829427
16.0070812205581
1.41547338752927
3.31008980447256
0.581002831549384
4.55818956662176
15.9625897550964
1.39078705175009
3.36998222967725
0.568268109342739
4.52298190276653
15.9347856935214
1.40460777489744
3.43292775490437
0.55705526786564
4.50327834837583
15.9390276590245
1.35586314164356
3.44433219139607
0.558041354851224
4.44421127443161
15.7493357711548
1.33490302222293
3.49353548240441
0.542025111680691
4.48759362950761
15.6258840345133
1.32773680815849
3.51613378704428
0.525004828333499
4.40772384283784
15.7465551692046
1.31866173442301
3.55272992619197
0.530340884106871
4.41533137402504
15.6286321987464
1.27812224214675
3.60098234989843
0.522160287318167
4.32991383300699
15.4889001911049
1.28016920877574
3.62096887181498
0.510247290558662
4.29879969258914
15.592487048488
1.2513885597879
3.67606898027679
0.504958548291803
4.25492808475703
15.4685116157268
1.26386732067618
3.71310371309397
0.493855982698853
4.22905632896494
15.4154735381237
1.20204704400284
3.75221353012102
0.488483042825999
4.20757107151064
15.4443241202048
1.20376373451846
3.77569602814441
0.479893831914564
4.2031496501066
15.2642054231055
1.19794241960252
3.81135819972883
0.467223200313186
4.16352850021604
15.2989545000132
1.17552665076447
3.84742880748353
0.463549253138852
4.12549848903621
15.2417819245088
1.17849627676228
3.89306040679098
0.463246502989984
4.15363747177706
15.2243620131399
1.14960722590032
3.90917396847215
0.45514600547203
4.10259874520653
15.0769312161801
1.167304983615
3.94363717654024
0.448134399912719
4.03934348778421
15.0383017425894
1.13603879460556
3.98536680338525
0.443726561961306
4.04280468585093
14.8641482942179
1.11871881406484
4.04596215216843
0.435877640206258
3.97023098837951
14.8447696780657
1.08482323736552
4.06760451626599
0.426539598154039
3.97402990084126
14.9221324020597
1.08608670735326
4.12489576231512
0.412741761708642
3.96484543818529
14.7860377821518
1.06633720114394
4.13395467722093
0.415225706494186
3.88911527453404
14.7676807666547
1.05667071274549
4.21296091086159
0.419177977511571
3.90063527286895
14.744111597241
1.05204008776336
4.24074179705103
0.404393321904254
3.82701532914087
14.6360305109396
1.0021495536588
4.26749310023064
0.412235666957552
3.82203044642702
14.4691154100929
1.01366623411609
4.30351454131534
0.399700636064245
3.8259804674898
14.5004666742191
1.01988273705081
4.37211033360407
0.393529275230797
3.76676821789875
14.4790074480738
0.997658485230662
4.42291908012662
0.3759500799037
3.75645678372306
14.4680828264472
0.968287490871008
4.45239991621469
0.381670321453616
3.70757036105293
14.4289139067755
0.972778169449438
4.49656357760384
0.381140963357827
3.67144508080978
14.3939286835625
0.948080507681717
4.55379343839159
0.371176646937762
3.65205604485437
14.2790248850387
0.932082862685057
4.57623348556932
0.363999862769849
3.64338754981351
14.0602409387077
0.943595471807755
4.59778726451365
0.356544918229729
3.60007321626503
14.2133378648269
0.906560702966018
4.65039146165745
0.357690186763341
3.58378901364423
14.1797688052579
0.907980078579917
4.69593917613894
0.346858365262928
3.51806752455223
14.1056281371489
0.899333385218433
4.75205929789985
0.348481288479528
3.53731193650101
13.9211248929168
0.886327112001617
4.78492344858274
0.344833811734708
3.52776490845757
13.8331446749109
0.892399327413407
4.83690552769412
0.34697788474416
3.43551352103474
13.8174774835174
0.874688530634249
4.85244052052161
0.3396998260244
3.44108158172535
13.6476966143425
0.842852705231044
4.85878015037602
0.335797186880532
3.39813037932375
13.7013466842944
0.82612528736475
4.91225266415385
0.336853790185682
3.39040550356143
13.729432294968
0.823560816124177
4.97715912925606
0.325721271396962
3.33241055868006
13.7014871955028
0.815456076840709
5.00968589597152
0.33287519443939
3.28672362869225
13.491135435114
0.804544028790018
5.05909121421096
0.317716562996934
3.31383725931905
13.5514848619175
0.791540029527406
5.09701918483762
0.318171402230897
3.29859422335187
13.5292527785006
0.812597585209656
5.17010629262873
0.31311489648946
3.2604669134916
13.4982476287515
0.773448793495928
5.19194620634723
0.311412797251422
3.20614512957279
13.4809668976452
0.778504124078163
5.23996287904835
0.315730963858835
3.20647759421205
13.3204131506522
0.760888640557155
5.29773925479123
0.316837496078598
3.17324178704827
13.3211554223302
0.761326214294247
5.31360011923515
0.31361120563474
3.14425931476899
13.266472272526
0.748506658401098
5.40654583108043
0.305143674213232
3.12005703508661
13.0993446151794
0.735700307985894
5.42148404801221
0.305502570585635
3.10218619262193
13.2282458112126
0.728279639643026
5.47785456894292
0.301537796712704
3.08117007554296
13.1641149608888
0.713521795591279
5.51546690647357
0.303305482360162
2.99649713091223
13.0382168672598
0.697450139817657
5.58473281735458
0.299604334669126
3.03076638174005
12.9427951539458
0.691709372896044
5.59217695747764
0.302189599459676
2.99547903024757
12.9685861743294
0.676371693323608
5.6170899821209
0.295985997826044
2.98688508696178
12.8284232075075
0.689140398078702
5.69600779689909
0.303688615152577
2.96667154692874
12.7954852837603
0.669768317094143
5.74301357223934
0.304143483353009
2.95752602068377
12.6687520359808
0.654950567428964
5.8135379004626
0.302717178771288
2.90458831025123
12.7021331869874
0.665380084532346
5.82753183347606
0.304471158676703
2.90146203909012
12.77289012415
0.657234773547711
5.84572830787864
0.298744563431865
2.85239099298805
12.7644160571173
0.656464226289488
5.95247908252253
0.296497940836772
2.81684857818019
12.6065352005343
0.650452912307025
5.98492684286145
0.296546140542141
2.83674339338196
12.5892379637027
0.63963563449233
6.01908969542372
0.302429888849459
2.78919638110477
12.4376934936341
0.629478219806277
6.08947222652298
0.306162553707058
2.78121706767331
12.4790748235655
0.628289846860994
6.13084348383585
0.29875291251431
2.71288695685109
12.4115261576429
0.615753512672558
6.16282042427057
0.307320843124476
2.74582617501051
12.3832646555539
0.589771932157422
6.21990055785095
0.288883650469866
2.67826412460843
12.2750067981737
0.593466504327471
6.22842483788767
0.302549041755759
2.69124282831147
12.3112936158265
0.606159054752659
6.33126462473151
0.302710790893865
2.63092756793201
12.2167478506219
0.576389683110034
6.37374155669314
0.307260531071639
2.6651274833757
12.1237064576441
0.5750505196592
6.42216710518305
0.300404932171768
2.62343548506866
12.1694506512748
0.598281361723423
6.45565727057011
0.310199236676732
2.57246663564497
12.0883700840144
0.577616949666359
6.50686850390584
0.311018596946355
2.57883883739896
11.9891393152382
0.566148396860766
6.52742713054896
0.309877821474482
2.57202949574881
12.0160977099327
0.545988800251097
6.59288163835288
0.311030960551918
2.511628922858
11.9848719691344
0.572238762875118
6.66513905580293
0.313404080451091
2.52610670967532
11.8405612278195
0.553782235572778
6.70403867894146
0.325933322725597
2.47332812586101
11.8830007787089
0.545155471052337
6.7536143155349
0.333106520465812
2.48520183295565
11.8007804213326
0.554725903281425
6.77516101402643
0.313412051210859
2.40873702352732
11.7901589350284
0.550801995174432
6.82655678779652
0.325785546090006
2.43630885171079
11.7510123467277
0.541155147041758
6.90325582177239
0.335051316394542
2.38144600659075
11.7185578409095
0.533826644719245
6.95373543330482
0.33489351921674
2.39118908346458
11.7285536389311
0.528529289779681
7.01902973813342
0.343554510970648
2.33791370100574
11.5261158147105
0.519653966115154
7.03830549167191
0.341787388354429
2.3711886338312
11.4599618058191
0.52276043625091
7.13858053575404
0.343488917727675
2.28823297843935
11.5342898456326
0.519087890970596
7.1648110799792
0.35857541311461
2.31097718201156
11.3507321101154
0.523974973950092
7.20083648964445
0.354611118212554
2.26495289471719
11.3261241012215
0.513775822099606
7.2662094831727
0.361307337517015
2.26712666460771
11.4053625386108
0.520927828967821
7.29959701659525
0.356204693066639
2.24025413472789
11.2499768059552
0.503332036936387
7.3859877016457
0.358617213827578
2.2290062027976
11.2357990209558
0.506957334135077
7.45154971313083
0.367909427774756
2.19449724132626
11.1591357066233
0.51972144533961
7.51319152187395
0.370018232835525
2.17749194609679
11.1520216412362
0.498875982273605
7.54931611491773
0.383218402807912
2.14721926118417
11.0671993787515
0.507902287653997
7.57940929650071
0.376074473271797
2.17855847405321
10.8943898261547
0.502440636111015
7.63763939175055
0.388172108560657
2.12762559927696
10.9233946505358
0.494195849664204
7.66068517988729
0.391898502803558
2.14024639294066
11.0086406848057
0.500008663752683
7.73968369487088
0.388866097835788
2.06793548632607
10.813756239231
0.500415195211311
7.79194844123123
0.413372133806262
2.09633705853545
10.8908053798646
0.496768561618123
7.8793873564086
0.417605500852328
2.08006833054128
10.7298951259649
0.490313958596828
7.91575907620944
0.422380509916384
2.04108472486862
10.7337888571177
0.507330860013589
7.94671954995442
0.430975319781993
1.98584925952976
10.7277419667441
0.498732293933007
8.02492679573539
0.426651415661779
1.99232995559332
10.6782489888623
0.496863852993766
8.03532123173082
0.424857077465325
1.96997577397425
10.5641355089858
0.494119562667151
8.10511060078853
0.439557134537287
1.96439353453637
10.4939562350313
0.509460539335353
8.20047584476448
0.444023500655208
1.94677338477817
10.6061105808117
0.505428440277099
8.25545937550684
0.443012471675334
1.94932059280561
10.5503620011951
0.497251209824064
8.24427126153524
0.45988507077373
1.94872388747836
10.4945050045789
0.512306060906837
8.39188619777145
0.46006661884003
1.89919020212304
10.4837772356029
0.497372942922875
8.39712269718172
0.472770461721381
1.87058818892707
10.3767031744365
0.490487354023089
8.43599664956017
0.491180016131834
1.87189627894315
10.3689648049851
0.486153682886585
8.46888585622973
0.487466381933289
1.85252595446407
10.3438041410265
0.489932964854014
8.54699590668768
0.510513346376442
1.79412127801126
10.236929041691
0.50488886165046
8.61397243410612
0.492701640745553
1.8300280150692
10.139546666628
0.495444931319421
8.66706716850095
0.497310664473249
1.81361875921022
10.155182730814
0.509056936368677
8.74566994978992
0.511325525937333
1.77229939662931
10.1329048814374
0.496241338544362
8.81097631742016
0.513418486911594
1.75046923311667
10.0898129557073
0.506311417537808
8.79900405317393
0.544827079027716
1.74987365368519
10.1660758913152
0.512884053590567
8.96192019029183
0.546269204353742
1.71578750820524
9.88449742324039
0.512527561303297
8.95580416794903
0.555177086472905
1.71839711825007
9.97401353972898
0.521895526789936
9.02284364051813
0.565051905616294
1.65799020733852
9.95828946224769
0.521577849490879
9.08760158862369
0.574033522536464
1.69871967285835
9.82633060604525
0.529635168903673
9.12805543828538
0.571375449555872
1.6751497063211
9.8559283216941
0.516173147371959
9.19696251478698
0.578964347900265
1.6645280426391
9.73096446681477
0.522028234629168
9.26517101918755
0.592906873908316
1.63713062944872
9.63512693936634
0.533449274133435
9.29213045852555
0.612062869226555
1.59859553742028
9.6177200335769
0.537305551915221
9.38567394078719
0.603261311932646
1.60322869029852
9.63787052722528
0.552052026936801
9.41888105047872
0.629850063613851
1.60375645552942
9.61578343821523
0.538636158945245
9.50995060630566
0.629968109470453
1.59739033389402
9.59832057522599
0.546583810044675
9.5748915346596
0.64309759551766
1.57399359004178
9.57549659377854
0.558522368030768
9.63069740427061
0.664050694462896
1.54000054962217
9.47476020609118
0.542155084575381
9.67919701347531
0.668712386739933
1.511917633836
9.5079701570484
0.558780188185953
9.73996852458725
0.681225967332925
1.50774991608786
9.36034544331791
0.568526839404709
9.84689439151546
0.687299022599156
1.52865464282161
9.4172254101634
0.574374885553328
9.87682941192325
0.707535665408978
1.47606653092385
9.25954474263118
0.582340871785222
9.94750882915157
0.715233198358577
1.45060701220137
9.34193006770443
0.584103255668387
9.96440612444384
0.7058442022299
1.48423546965918
9.28767527833797
0.587145282491246
10.0016937518253
0.7332204658667
1.45221186576739
9.25462708718806
0.581721493352059
10.0809610121623
0.745060129523113
1.46194827687163
9.10479588569495
0.596103956994503
10.1716555388121
0.763175570524688
1.44413495186386
9.1722647523931
0.608299297066774
10.2452485257901
0.779399162367433
1.44879232751051
9.10091527563786
0.587697077355514
10.2824091631444
0.776859124340783
1.37898706067893
9.02618145363615
0.615480960532462
10.3335731078774
0.794948576712728
1.38301449227023
9.01300801194126
0.631333493564179
10.3868082203645
0.808731732427743
1.36647013297851
8.9134828789181
0.622448541985893
10.4328529620509
0.803820454620355
1.34193826989111
8.87526853347106
0.632440116446879
10.5523990146223
0.822914918191732
1.35504645125
8.86425823786727
0.650382355702847
10.5957358164198
0.854872321051141
1.34588500784454
8.82068421939055
0.637352341544209
10.6925850636932
0.845475845693511
1.30262372365594
8.81891557638091
0.643796815292213
10.6807847738771
0.854798954152862
1.31192928476965
8.68595930450183
0.66226728870348
10.7689473337408
0.892834596023611
1.28209139552464
8.55083553840769
0.666898971028979
10.8629856274583
0.865975053923488
1.28258346591675
8.76338401751996
0.684514323195332
10.8725297273192
0.886824949078975
1.29046078640376
8.71517949309232
0.678427633857488
10.9786906306615
0.943086902828332
1.26101016710059
8.65842845590993
0.702527586061107
11.058515599787
0.942660096445571
1.26723504391242
8.53996904775146
0.689383086509874
11.0647973705557
0.948262594418918
1.23154907212886
8.43950309238695
0.708762310229827
11.143858963248
0.960318125043518
1.24524922169686
8.44971824967901
0.723360684557636
11.2280566820468
0.982898971768838
1.23591216737115
8.52277314675603
0.731654354017798
11.3048028119168
0.999579895518762
1.19200931892883
8.32819215576924
0.726661033878427
11.3882428867161
1.01746240045589
1.19825035756595
8.3467687013265
0.734504201218753
11.413615940925
1.02853688751192
1.17002543597561
8.3787863765467
0.743634942508046
11.4388689612069
1.04395176799033
1.17940624762571
8.28051738936638
0.764651549303325
11.5808385300644
1.07429087819298
1.13745353443273
8.31534038088978
0.782857864561215
11.6274464012256
1.07166667595598
1.15303537540067
8.25987579802713
0.790508989831714
11.6846367570572
1.07578839663195
1.13229178863584
8.16278994586277
0.796813778098543
11.8080502723062
1.11121901620217
1.13926343783118
8.22574686547781
0.817166954243318
11.7879954368113
1.08466783513435
1.14042908510234
8.11541156901285
0.799644670137573
11.8871348451001
1.12793196635183
1.13730767836921
8.10407020452241
0.828887019939579
11.9775101483082
1.14013165964344
1.12276355261933
8.08449900392496
0.858129622575333
12.0345612946829
1.15233802125481
1.09618063092054
7.92213411133641
0.85401308866673
12.0886480258675
1.14722170550005
1.09279615788472
7.98159647972861
0.837983230619504
12.1958588015985
1.18817139845961
1.0681335126574
8.05029245433508
0.872733245640558
12.2969029611047
1.20994567890591
1.07303959275481
7.83369047481332
0.874314676571267
12.2608532846586
1.2123632250774
1.07232189338779
7.85669629849044
0.893156970769098
12.3506142986779
1.20380184692315
1.05640826473429
7.85567011055514
0.915672565519158
12.4474602690649
1.28113526261187
1.04493162205338
7.7634798718802
0.905998513769642
12.4983239829201
1.27402290720629
1.03771136194999
7.85117022180399
0.901340842950488
12.5309407469115
1.28052244069017
1.04163241615926
7.66225900434699
0.944717274810083
12.6591073723794
1.32301594039878
1.01360069121453
7.66166170891615
0.952207885969502
12.6819184739558
1.30465434971565
1.01243999296997
7.62935795314562
0.988622550147632
12.7928844815353
1.34844664643818
1.00823666214143
7.50515968053967
0.967289921601765
12.8308141414761
1.34745716618754
1.00884350740922
7.54103018440284
0.974652606617841
12.8926682176995
1.39980591052233
0.984476298280175
7.5533929363744
1.00683673102697
13.0497736756207
1.40161912128014
0.991929570152455
7.55084393803546
1.03394354556233
13.0516366433683
1.38664248771884
0.978667241388368
7.46280124786816
1.00999145291301
13.1488148561467
1.42952144070314
0.953154439277467
7.4335933816252
1.0362369967855
13.196476127497
1.40486228880263
0.942820687161457
7.3718500451417
1.0466857243665
13.2765940159282
1.46023280716851
0.951776589039607
7.3882373894505
1.05487725646924
13.3537621327985
1.46736549660861
0.933908224321127
7.28079817578638
1.07125148241784
13.3798471948725
1.48520762637326
0.927662676969052
7.38944760571309
1.07795355175563
13.48004736177
1.50831817997601
0.942981940293292
7.30516855066132
1.12486958339247
13.5469927238186
1.52236732979595
0.915381547555952
7.28829045207093
1.12936493303447
13.6241367643012
1.54447599032969
0.93601094095098
7.1777225199763
1.13131300276729
13.6895544956402
1.54623375780399
0.906471668365488
7.20178652365272
1.14868368862532
13.7590703500837
1.60077147773324
0.907135500647777
7.23354841152155
1.18657694184
13.8370027897777
1.58188872534284
0.896562358920968
6.98374232833074
1.17170151125651
13.89077450982
1.59324014710169
0.885027262155038
7.1998768229283
1.19619761616743
13.978522402019
1.65683216707796
0.878514024580323
7.07433907108669
1.2055806661138
14.0504355139555
1.67485280154723
0.875639199386201
6.9904669115587
1.20858004037795
14.178198086989
1.70919639428922
0.886832290468067
7.0236339451522
1.23167608232414
14.1914419732013
1.70002727303078
0.877019590239161
6.94566666821035
1.26788238912295
14.3149942030187
1.73550672870927
0.854182027216478
6.9549644748681
1.26270090371822
14.3598919480416
1.74318124059634
0.863307868598764
6.79772804853641
1.29558464042783
14.4256400690381
1.79819775281467
0.857339330023438
7.01283977463995
1.3007442674247
14.4846065323909
1.80344889205295
0.841884401109596
6.83600513193623
1.32939375248351
14.6354312972387
1.81730239351884
0.847187302854614
6.73258980446705
1.32204970984387
14.5651372068327
1.80223180504406
0.845121195425548
6.76229788334201
1.33311307021161
14.7137229832436
1.84208926958312
0.844000946933037
6.5740794595464
1.34369507414621
14.8237579727699
1.86408755642241
0.842930302979663
6.61587841243334
1.38071137832461
14.8257682092278
1.89920171189861
0.831038928031508
6.58724373855066
1.45065075874495
14.9396784999281
1.91452810574188
0.817749494598396
6.59713733737299
1.44320531844013
15.0041405179807
1.94651361162073
0.826953905524498
6.49842262521528
1.42680888796671
15.1052794493289
1.9495490319286
0.809568325063835
6.48825426457639
1.44543873628873
15.1597731693744
1.95929091418934
0.812517215856688
6.58370589794822
1.47538396079418
15.1331171939542
1.99015271658372
0.814964535680872
6.46090563308887
1.48486934920115
15.3201159366467
2.02894724308727
0.813806478501835
6.46374706319552
1.5298184138612
15.440882960922
2.04634778884361
0.788621861292864
6.39908847182922
1.52637311525972
15.4909778831591
2.07898697422612
0.794902961468936
6.35646979559878
1.53325981325799
15.5631284885716
2.0992686225884
0.802396279706597
6.41514614187544
1.56724719909287
15.6439139924381
2.1236269054937
0.794975349306698
6.39292909314794
1.59472815234866
15.7216581477874
2.12510796338267
0.796647265393112
6.33474264000255
1.57907236345783
15.771124718362
2.17589258960599
0.797726061994653
6.28775901142307
1.62750134279221
15.8080537614955
2.18784217787198
0.783400332967257
6.27672102498388
1.64244207009665
15.9997681591524
2.18879033249723
0.790397905370766
6.19493056721293
1.64268879700358
15.9641850863183
2.23994825653457
0.765598524403672
6.20525598092392
1.64456087931183
16.1153932782602
2.2922934123244
0.784312712185653
6.25207517048737
1.69843182940829
16.0971071096521
2.28701620848813
0.776897055189033
6.16841273269097
1.71967081633052
16.2337290504984
2.32523390313413
0.77046776353275
6.06301309675455
1.71346679232962
16.3162405838627
2.3455252687584
0.783765541608052
5.95281844068745
1.77761782830703
16.4053985835401
2.36617100708833
0.788183451262381
6.02997295852073
1.80611543024968
16.4874195951009
2.36579811904146
0.783541425435094
6.06883537610693
1.79375385163336
16.4830835300131
2.41955546928205
0.757999911556817
6.06463038976923
1.82098833613142
16.5942639794343
2.46569529845898
0.773436326109867
6.03820604962256
1.81219717775108
16.728796226988
2.44533199588222
0.782325155899055
5.87852211542769
1.85736746290369
16.7840318697289
2.48405044062658
0.770380985794231
5.86919800410933
1.89652294130359
16.8804889475207
2.52012005761138
0.757601206195062
5.83567554864589
1.89115800449712
16.9735466307919
2.54634258892846
0.766215270593499
5.84216345270401
1.90051691993374
17.0760196979745
2.56776305688356
0.764201360729228
5.74376654213296
1.93948297082038
17.1453941671536
2.54312046841059
0.776754210988524
5.77552247683855
1.94730732524135
17.1984453808098
2.58677341328007
0.769277324145291
5.68940894705714
1.96803124137295
17.2541955870541
2.60116268249963
0.775607606347893
5.6533595631761
1.98699321020719
17.3705105071184
2.66259136893659
0.780363133566554
5.72629899536274
2.03699975235038
17.4315008492404
2.68003168260688
0.772049769727753
5.68169374882901
2.05463262307952
17.5604136296165
2.69631073605778
0.755277597547324
5.63718156637661
2.03878656229339
17.6380774850258
2.75415524823861
0.775473098488635
5.59797815608006
2.121803573854
17.6264831698533
2.7838448363295
0.772924529880781
5.6590245228529
2.11374981935201
17.7100075489219
2.80079736966437
0.766484641106531
5.56102505628769
2.15738661971043
17.85494937735
2.79355585191141
0.762793911294995
5.46678816709281
2.16458636529659
17.9621815817542
2.85655252590669
0.770748901655626
5.5696352435156
2.20711622225743
17.9851160012591
2.87191134275873
0.778343218899053
5.50168018584561
2.21618530312304
18.0530691910678
2.88102527004222
0.780900871555535
5.50903984195384
2.27967068265069
18.221808722739
2.93641453695591
0.774740733912789
5.51295059826135
2.26831191543416
18.2012844399531
2.95429550038334
0.778991089514709
5.38352066025597
2.31651993766294
18.350610660129
2.99648289946585
0.767377996711087
5.35051016465833
2.29101946520357
18.4254841938636
2.99232823255178
0.766186359788978
5.39949485117694
2.3239811111642
18.5015876244235
3.04559596348129
0.774787004127254
5.38134547979313
2.37823405627278
18.5764474578399
3.07135731200434
0.782447725697526
5.2868692258139
2.36019964653666
18.7150431787336
3.05592843850836
0.800931653156818
5.26173088341145
2.41149387629797
18.7220362118254
3.14722722448989
0.785260220386077
5.30111425068158
2.43471470234238
