0
0
0
0
0
28.8583294334468
47.2026761013601
63.3109307200167
91.8698538039487
58.9433647335865
28.7399727518978
47.0919210930094
63.1658992092605
91.6818066431414
58.7667110840639
28.621854050551
46.9813144951416
63.0204998967185
91.4903818433055
58.5903236207626
28.5040213657636
46.8701885247047
62.8738283448043
91.2932486416288
58.4133573733634
28.3861335617587
46.7588713098476
62.727899780236
91.1001152476987
58.2396579567699
28.2694888350223
46.6494989198865
62.5837286854202
90.9154265697644
58.0617653206968
28.1523825129449
46.5397345669767
62.4397264673646
90.7327458026616
57.8872926412246
28.0354206568423
46.4294817950581
62.2932824882537
90.541145651067
57.709822884324
27.917894666869
46.3186341337031
62.1528611159672
90.35341051025
57.5380578891554
27.8020067319378
46.2096552895066
62.0072079165486
90.1575456872179
57.3620603278941
27.6868819655474
46.1013107863077
61.8620793834991
89.9652612012268
57.1861435070803
27.5707004705668
45.9926475018519
61.7180205395664
89.7894207641201
57.0171247691684
27.4538615901163
45.881233388144
61.5717476486527
89.6198681035096
56.8399938034767
27.3389146996541
45.7731149984688
61.43800195223
89.4074712747022
56.6645818118548
27.2249858464171
45.6617627474349
61.2926224502308
89.2171052824378
56.4981464113524
27.1086106847641
45.5526288726095
61.1466525080273
89.0439815939961
56.3223657450059
26.9954095645759
45.4442625714249
61.0065779089586
88.8141210755958
56.1395130254233
26.8765442298152
45.3367265408505
60.8596183843806
88.6520903951097
55.9736307259968
26.7668384229794
45.2273894224142
60.7232283454888
88.4530212289973
55.8050958218791
26.653646972943
45.1207115429469
60.5754274599469
88.2969389650749
55.6346550098307
26.539041084383
45.0116492021717
60.4293961001344
88.1098744770462
55.4551832363369
26.4268992081945
44.8994392133931
60.2903951248697
87.9064004642206
55.2923957213813
26.3103719493436
44.7957516896919
60.1379984692192
87.7146023716276
55.1097163018683
26.1973070186491
44.6863898699124
60.0151213791341
87.514655762085
54.9490268241367
26.0866724150742
44.5752115815035
59.8635380155282
87.3689855468569
54.7756957226502
25.9751035614793
44.4699635795156
59.7196296506188
87.201225215073
54.6046449540001
25.8602941599421
44.3589267976946
59.5850812321144
87.0049819766737
54.4435774062011
25.7484345920757
44.2500095131635
59.4488699383764
86.7829318646507
54.2683627810665
25.6383873729668
44.1510765783596
59.3075796438603
86.6307493185995
54.098170381595
25.5265810874966
44.0395536362874
59.160379942848
86.416788821202
53.9369308100386
25.4145455730992
43.9305077277783
59.0164673788936
86.2075909892979
53.7485067658488
25.3041893691379
43.8251681834336
58.8770000503382
86.0717780845525
53.59150110087
25.1933175585491
43.7247969352402
58.7347992952666
85.9085603003201
53.4403547932984
25.0805478589092
43.6142248629345
58.6003828383757
85.7349314932501
53.2619291094699
24.968742256474
43.5017998807753
58.4637674091934
85.5188353691036
53.0962035823772
24.8593562671963
43.4012813565406
58.3178061088595
85.3745632281823
52.9286659097041
24.7485602018348
43.295557448494
58.1813215530401
85.1372241323997
52.7474344257661
24.6461643331405
43.1926792110493
58.0518874759306
84.9504530882395
52.5948076161001
24.5332764774825
43.077273119503
57.9016564660575
84.7845039096947
52.4267177677169
24.4276928405876
42.9755783165717
57.774722644867
84.5674852241828
52.2420511120478
24.3155840276235
42.8684723469495
57.606447947399
84.4589346168324
52.0814134566032
24.2062575613591
42.7641143708672
57.4915176905999
84.2545376770073
51.9246898822079
24.0972914359954
42.6533448048043
57.3337095119835
84.0138116273679
51.7522694514381
23.9896557793087
42.5538772247531
57.2281741831284
83.8096296883945
51.5879893533628
23.883924927218
42.4450752107619
57.0580666990346
83.6470414401768
51.434658801031
23.7704895731116
42.3392345405795
56.9334977001831
83.4821776395961
51.2596890183225
23.6666269625409
42.2391900655273
56.7898471086749
83.3365090737587
51.0955950311521
23.5594098370933
42.1340375618569
56.6387179794637
83.1709604468561
50.9299843343232
23.4477584135902
42.0316285170544
56.5253112127219
82.9408184091674
50.7755233907662
23.3498110823206
41.9276889437354
56.3809554000521
82.8254705388905
50.6205808793883
23.2420868842981
41.8181812763253
56.2604617363056
82.5357000365254
50.4247666702413
23.1336754394452
41.7119116864347
56.1285787809634
82.4354192680211
50.2798508582797
23.0254729619685
41.6098107103461
55.9579416921956
82.2656780772161
50.1061999882543
22.9245814152619
41.5064092488482
55.8240552964506
82.0582837185987
49.924523373784
22.8172897669859
41.4037246025221
55.7124116812926
81.9526925207429
49.806423255843
22.7138232489961
41.3003756593994
55.5466347670998
81.7421954758664
49.6432085284994
22.6072969625715
41.1891269615962
55.4236834554687
81.5298435874592
49.4289632069672
22.4982741354175
41.0875105546561
55.3022395472971
81.3392352619868
49.3214926965599
22.3978192059655
40.9881248647867
55.1565524819426
81.1856631004708
49.1462131946939
22.2998104391437
40.8783954956304
55.0292435351815
81.0472668607085
48.9741424435936
22.1854914218434
40.7861986164196
54.893549235859
80.8003349658786
48.8085015523459
22.0822331421642
40.6802359729199
54.7755157915603
80.6615311776058
48.6709097365756
21.977807340117
40.5845036730543
54.6013842781425
80.5168866992111
48.4818016256238
21.8852322505414
40.4773593006422
54.5153488639547
80.3935638696683
48.3574984109369
21.7727426401164
40.3711874156954
54.3305562584403
80.1384240657913
48.1905465927741
21.6787943631653
40.2658835045732
54.2312325515973
79.9928685759395
48.0244150481301
21.5705030407908
40.1692372188239
54.0332944667573
79.7577631118973
47.8710629269159
21.4735390542633
40.0590305168008
53.9423791206269
79.6689719970671
47.6970040698122
21.3659818385313
39.9622957701541
53.8088962666373
79.3863246096574
47.5315437305582
21.2646485329666
39.8596979574916
53.6778641470771
79.2240308757444
47.3650635088537
21.1586957344363
39.758423981224
53.5297130346803
79.1057542018833
47.2152078835682
21.0629400553602
39.6536478507281
53.3616721199569
78.9103469185883
47.0730515812029
20.9650789951205
39.5551431626834
53.3085366533486
78.7706013590333
46.9273865597473
20.8653326368363
39.4526510790456
53.1554974047434
78.5159084620916
46.761818609065
20.7556407062082
39.3570421569274
53.0295411177948
78.4317568490375
46.6255786809728
20.6560301269079
39.2544134695718
52.875997283189
78.3203900179244
46.4596887940588
20.5649711951066
39.1502088020403
52.7389124416821
78.0444554128537
46.2598201750409
20.4572662731959
39.0506135037914
52.6450314425221
77.8381466915982
46.1455947904382
20.3692001639759
38.9499341114539
52.4936537142215
77.6313596211309
45.9774565050192
20.2695291715089
38.849027783009
52.3513634156883
77.5011791140033
45.8119034808609
20.1662048062679
38.7504751019238
52.2258448889737
77.4057865402793
45.662022122072
20.0628695461551
38.6443580489049
52.0960073836386
77.2556936354857
45.4936176473926
19.9615947054274
38.5460190972363
51.9295906035788
77.0547360850832
45.3532985148237
19.8678559028549
38.4423497089747
51.807139208842
76.9482055806296
45.2051034878929
19.7683368413837
38.3560999244283
51.6904976279438
76.6261165364358
45.0532431090386
19.6676905797263
38.2510085438976
51.5704338547943
76.4698467965171
44.9099678291833
19.5687336614852
38.1485102905478
51.3881480319786
76.3683545759355
44.73359084802
19.4728319603038
38.0439067462305
51.3000821817788
76.3257409155435
44.5677373618733
19.3803710162589
37.9469970796905
51.1387806726203
75.9899525999602
44.4484932524884
19.2765807667002
37.8590753948002
51.0370230523622
75.7928024531614
44.2704073459463
19.1820620410415
37.7439504003592
50.8924719565999
75.5949552372029
44.1230294884413
19.0908510325651
37.644515338873
50.8158622666799
75.5362519937357
43.9765846143222
18.9958403241791
37.5558247567679
50.641241641933
75.2602097384638
43.805209889664
18.8941967527912
37.4373594539631
50.5268468664557
75.1764309050371
43.6541455697947
18.7943570049352
37.3608579393816
50.3922545132302
74.9850048936237
43.5275964024932
18.7049873713058
37.255887268898
50.2719849488417
74.8817418228351
43.3898762517669
18.6147555854629
37.1677426416806
50.0989408908192
74.7690259252431
43.2209658518013
18.5085393427104
37.0618571250789
50.0201130328485
74.4518936453151
43.0483169029705
18.4232516862175
36.9511198514584
49.8593719694266
74.1934248667704
42.9340291727526
18.3236158467879
36.8697774507114
49.7203072391961
74.1192460537922
42.7752190406684
18.2314251347875
36.7566491163524
49.6419990746963
73.9494524443476
42.5654404580737
18.1462187783166
36.6651235678272
49.4864599360301
73.7539140490668
42.4914132400678
18.036456163993
36.573779702799
49.3686029991407
73.5342834421563
42.2804681988817
17.950309292546
36.4719361881321
49.2044784221984
73.565705432324
42.1687438271099
17.8588464386862
36.3826392113648
49.1200832542776
73.3622600441251
42.0103875289859
17.7668186679563
36.2757905173015
49.012689012456
73.140460356945
41.8777659850377
17.6610902979328
36.1769278536534
48.8624340611167
72.912143944839
41.7348670180573
17.5753158275323
36.0725999905384
48.7676315923498
72.8684501520823
41.5931393931862
17.4786182995798
35.9878355390602
48.6081551363411
72.4850316068403
41.437551855688
17.4083154602335
35.8698396620154
48.4613437373987
72.4298899903385
41.2930860899365
17.3042251346197
35.7840578451363
48.3421938819993
72.2021452518492
41.0896364656929
17.2107869870784
35.6992300011607
48.202553682027
72.221601366627
40.975210494847
17.1118448844028
35.5991414141601
48.1153324722186
71.8689671991383
40.8696089721604
17.0250857475943
35.5079475062459
47.9779846097031
71.7128856300418
40.6831402204797
16.9385649308577
35.4081983395701
47.8385947242009
71.5720194658128
40.5704469042134
16.8490089053687
35.314691422475
47.7005697770373
71.4305238407328
40.4237510461072
16.7487793338279
35.2126863933291
47.5781388303875
71.1622481958935
40.259719377319
16.6651132428628
35.1148494608656
47.5179619635995
71.0464416238547
40.1046276670311
16.5737408313049
35.0162559879183
47.3398643750662
70.9469686810008
39.9662284972814
16.4756808423519
34.9319372106439
47.1915950243947
70.8956222420893
39.8290089785962
16.3958267296386
34.8382379876462
47.0561110115
70.603376151822
39.6833809539974
16.3097927150526
34.7226764650462
46.9669846880559
70.453878523722
39.5110066669369
16.2259141482514
34.6535451467541
46.8128639794145
70.3571370299055
39.3658711845335
16.1317124190492
34.5555888740817
46.7562560198477
70.2076521013903
39.2377251404579
16.0366263318516
34.4651190425979
46.6015237501002
69.9436001035439
39.1273167178924
15.9561540561427
34.361942154648
46.4685971925894
69.7510392009588
38.9382992122702
15.8596993373509
34.2596791609496
46.3171846580336
69.6849561231788
38.8230389487374
15.7782945539026
34.1677436092382
46.25661664241
69.4452732568441
38.6844583393582
15.6928920713718
34.0894833953566
46.0348860442067
69.5148911827821
38.4840995960281
15.6098159480249
33.9841693750354
46.0314562162014
69.4547782758078
38.3671732871419
15.5061309247033
33.8878918977042
45.8809061908237
68.9398159433795
38.2689532051827
15.4315712376559
33.783772224596
45.7073469188248
68.7897923331443
38.0484887162079
15.3486690548134
33.7066431260215
45.6350451509475
68.5634660850518
37.9564317120602
15.2578934744181
33.5982238425577
45.4933201966422
68.5658369963934
37.7592674849458
15.1813781306794
33.5330613707778
45.3845699996164
68.2779362328553
37.6985386027167
15.0921589318661
33.3977297935164
45.2460062596702
68.3341813487918
37.5210052678968
14.9897417244858
33.3497204911787
45.1419580250784
67.9845828085859
37.4453856808746
14.9072441878405
33.2331585172144
44.9999066893821
67.9023448017735
37.2418341212507
14.8367139635736
33.140042134452
44.8961251279097
67.7808574386842
37.087208952443
14.7521890649521
33.0484160148332
44.7154695950591
67.4869439213776
36.9523740739753
14.6554400538037
32.9550207229824
44.6724040599743
67.3418116275112
36.8321157681577
14.578957897121
32.8852896836164
44.4432123734607
67.1164675671719
36.6686422056497
14.4886440003473
32.7722514220099
44.4094428845278
66.9962631656549
36.5202103442612
14.4103335351894
32.6746375961116
44.2854909759689
67.0405829255435
36.4197983182246
14.3309770648355
32.5887573312607
44.1278326189358
66.6954799733241
36.2904963634807
14.2449143733098
32.5013519905012
44.0059873925795
66.694895373091
36.1369692947955
14.1518883421819
32.3871537315241
43.8885749202909
66.539362946676
35.9906002132911
14.0751598593524
32.314415763104
43.6934641504844
66.3209643879859
35.8480139664172
13.9928571764601
32.2053984830783
43.6225042531047
66.08218923107
35.6822406524524
13.9257714437662
32.1140511062645
43.6114107111072
66.0026680162094
35.63898667543
13.826968087233
32.0402394216389
43.4312921009484
65.9298789664023
35.4656100673637
13.7377707528554
31.9351107872762
43.2943737339754
65.6747107678557
35.3215343312695
13.6659522002188
31.8699933510871
43.1934657800084
65.597353453309
35.2118231168861
13.5869310483727
31.7648366567333
43.0675041657255
65.2589521125757
35.0667762450432
13.5006043235294
31.6824382313929
42.9575233243396
65.1555497028292
34.9122683056208
13.4304699975383
31.5905168635332
42.8367047360772
65.1535396607886
34.7923355677325
13.3589352598294
31.4999324008066
42.7565991474189
64.8819486064087
34.6472961044785
13.2600428261278
31.4040869561453
42.5464596199477
64.6746153834496
34.550419120834
13.1893932657152
31.2980732522584
42.4776862047161
64.5439717357931
34.4013982303907
13.096126904532
31.2211744388634
42.3317733070332
64.5609246213147
34.2643978238426
13.0234764437081
31.108813679743
42.2522698771098
64.3892238441887
34.1250214492432
12.9309048845737
31.0306115606939
42.0984935437048
63.9692388727886
34.0008558819835
12.8595221547158
30.9652493679967
41.9959011307336
63.8528526487
33.8013800729143
12.7758042241584
30.8661164291392
41.8452308665145
63.7139384527855
33.742237791458
12.7092539711091
30.760301413787
41.7651693395947
63.6570412980754
33.6132754101847
12.6306412096846
30.7011105896563
41.6001425804509
63.5171728359144
33.4055890614128
12.5458337272245
30.5975629784012
41.5380294588571
63.199081724393
33.2899919224741
12.4806217850226
30.517190800992
41.3895084581394
63.2611119708371
33.2269812618556
12.3840320544329
30.4215202682628
41.3561298370799
63.1786253858352
33.016886940265
12.3206151671457
30.3279093173736
41.2298986071095
62.9009495744281
32.9232158435245
12.2476597523268
30.2358826773183
41.0317220861009
62.8028205814099
32.7918827538502
12.1591570207716
30.1536114337241
40.9640985758078
62.5771753027496
32.6842820177035
12.1035033621608
30.0653520110301
40.9149160981673
62.5719418459293
32.574009005366
12.0171251848158
29.9648909142075
40.726357420726
62.2466759285338
32.404018617021
11.9418428894099
29.8947341610241
40.607376592214
61.9298928392679
32.2446292700672
11.8585621484996
29.7933904379738
40.4305560557668
61.8675676140644
32.1571476718634
11.7873419746841
29.717850946999
40.3969864509702
61.8385725592931
32.0120019149978
11.7041156568087
29.6051289462028
40.2379983201962
61.7221575364756
31.9394949499014
11.619810293921
29.569671376493
40.1208477880229
61.3876460579299
31.7763274254592
11.5602573233027
29.459789993626
40.0270537408038
61.2507334578804
31.5801588556985
11.4996580609693
29.3417756135887
39.8801260138064
61.1637881762921
31.5236159818979
11.4025003707758
29.2734855701585
39.754530727152
61.1625858291224
31.3828486140041
11.3402631375059
29.1669302782146
39.6438698363208
60.9881261795286
31.2639423905007
11.2623273895619
29.1212038191592
39.5324209198742
60.9532385740347
31.1031862306613
11.1894116793291
28.9968092313914
39.4366937276652
60.7898688393177
31.037348741391
11.1071873840081
28.9120461048864
39.3660060210006
60.5901709346184
30.9172972921766
11.0241505565506
28.8552570586992
39.2616660164298
60.4931074852962
30.6973477625721
10.9678487147791
28.7694418653313
39.1301207899672
60.0928425802838
30.6161800262278
10.9015444780628
28.6351101454002
38.9461623394699
60.1826790238825
30.5057452491062
10.8263822109088
28.6045979157607
38.9041879525184
60.0532100090398
30.3519908555875
10.7557033067833
28.4804443886579
38.785089236247
59.7983757041986
30.2391595189074
10.6793486447375
28.3993766455835
38.6972444002338
59.7268242745419
30.1324747003374
10.5979505797744
28.319639412404
38.5770351361948
59.5618963674358
29.9599761190638
10.5419066087324
28.2275522498539
38.4479062723283
59.3084927337497
29.8514303006212
10.4660512297748
28.1305701866789
38.2255623841308
59.1315886914647
29.7742888903644
10.381559575371
28.0533874511237
38.2542776121926
59.0536353200115
29.6320591127511
10.325723231054
27.9655030345949
38.0800383895714
59.044139485622
29.4929627103581
10.2553436900005
27.8759745685887
38.0270636777906
58.9848059379656
29.3248459408434
10.1755610632291
27.8178532823789
37.8774188134335
58.4893514680489
29.2386011532947
10.1050999561609
27.7507603876446
37.7487638042309
58.3388304204012
29.103066540478
10.0302478073569
27.631733707191
37.6281765401049
58.3205800249742
28.9945541055108
9.98441493093804
27.5878223819501
37.5882683506674
58.1687571935389
28.8321541145827
9.89040845374229
27.4749324648947
37.437235736512
57.9165159461162
28.734085478692
9.83533093221752
27.381991975597
37.3485899769488
57.9628629037187
28.5881317320742
9.77777967175105
27.3020079694725
37.1576956333735
57.9071439403894
28.5235470744435
9.70141878711245
27.2107040731845
37.112040788458
57.7607947977481
28.3849565332083
9.62616219645236
27.1301964500396
36.9591696544287
57.6651042797484
28.2160522911768
9.5505857191244
27.0578854381979
36.845301940034
57.355304350166
28.1612819965957
9.49303827299807
26.9668741612867
36.7852847783152
57.2715771378373
28.0177160871587
9.42200346965838
26.9001652291331
36.6888653138731
56.9568811133233
27.8769517125277
9.35674451171155
26.8143076222185
36.5388211300999
56.9727663341676
27.7954381249868
9.29406720726687
26.6927032225766
36.4170645110596
56.7362174835196
27.6633201389406
9.22695182308518
26.6144540625264
36.2896112785944
56.6713256198499
27.5341380230366
9.15691770964162
26.5484345985052
36.2510519246696
56.4126667409194
27.4318621008929
9.09748040219805
26.4582228260585
36.0384240177441
56.4346044820761
27.2747642413105
9.0163540768349
26.3692770162831
35.9479320996944
56.1444648159044
27.1550316859286
8.96267416599884
26.3182144007592
35.8728694261822
55.9506136996963
27.0471488626795
8.89256865354855
26.2238372648905
35.7412041890171
55.7108134023578
26.9360751628813
8.81749771687446
26.1353559339176
35.6599334173871
55.7538857745302
26.8270693136503
8.75066165020057
26.0393377352268
35.6051353108738
55.6609870271156
26.728551223206
8.69692511708265
25.9726112779287
35.4242694674979
55.6097679698989
26.5485625031927
8.6171307409124
25.9001437873576
35.3849948403768
55.3210377122341
26.4862686040341
8.56797587132126
25.8034189498135
35.2620122551743
55.2181876280671
26.3708457739009
8.50576828810259
25.7019011805834
35.1484094131823
55.2214487331796
26.2349602040915
8.42449264652377
25.6189681288043
35.0575397823768
55.0560466410502
26.1727437799347
8.37735343174681
25.5735752001533
34.9440437056742
54.8640726429633
26.0243561251675
8.31774496642922
25.4878942583181
34.8059774324288
54.6520664278346
25.9045760603817
8.2355757017244
25.4026928333469
34.650058353125
54.4487033955626
25.7908125716942
8.187405271635
25.3518472673578
34.6222133710641
54.4058318423297
25.6174826051159
8.12291914960022
25.2276900285167
34.5265889272457
54.2802363257504
25.5191577672831
8.06178482343461
25.1657736507781
34.4450393908167
54.026205635611
25.4902004951428
8.00203364689509
25.0797659778703
34.3111380130113
53.8859926558415
25.3365529362315
7.94261603097103
24.9972436321004
34.2048152960164
53.78968995538
25.2427798055418
7.87341962409782
24.909154826441
34.0220850752697
53.7474662991183
25.1552434903996
7.82053059690595
24.8479888069765
33.8818915690896
53.6280710798888
24.9922539093877
7.74016985421511
24.7742817716808
33.8653618418326
53.3844659142931
24.9071113455414
7.69472747103938
24.6743397535921
33.7406398654825
53.5852393786758
24.719234911821
7.62697293101571
24.6014244919401
33.6516090442659
53.1357622480691
24.6330967098622
7.57510830027439
24.5205250329442
33.6231321867043
53.0026508600702
24.5121995104029
7.49992953715921
24.4590900475481
33.4258759865455
52.6880767976347
24.3968407499308
7.44376351504644
24.3730494431249
33.3087121514659
52.791566663881
24.2320228214482
7.38146211211548
24.292278120162
33.2452610602609
52.858266112008
24.2071524417357
7.32536212977067
24.1662568631271
33.1471408477801
52.4655430223298
24.0627018478443
7.26131740031875
24.1240133828376
33.0014747520745
52.408084051683
23.934926528659
7.2092077054669
24.0013288074425
32.9981173815534
52.315911392221
23.9197691915739
7.14747203053404
23.9769826633884
32.9503983705462
51.9987084651503
23.6952940448221
7.09030178718556
23.8796601626823
32.7970210456198
51.9001863248511
23.6484080362091
7.0324976031081
23.8097076256632
32.5580909601019
51.8898954987362
23.4874140499598
6.95962805561551
23.7237350654908
32.5375012268038
51.4829828693162
23.4477443769828
6.90278320287869
23.6548680038196
32.4507921766477
51.6448853132855
23.324446509956
6.85470874584695
23.5529948998052
32.277268621165
51.3542154490498
23.265474494401
6.81367929746072
23.4856989023557
32.2840872622381
50.9994969294105
23.0896602472276
6.75036401329556
23.4256170583316
32.1427104868887
51.2005275246153
22.9472826873718
6.68760470298903
23.3360164061527
32.0221588178498
50.9464512124597
22.8750460070836
6.62912203257407
23.2560915559748
31.9488735597591
50.8056999989759
22.7139850200333
6.57156358380145
23.1868439556445
31.8283263347252
50.6916454036304
22.6625703648585
6.53921669636927
23.0718908083904
31.7359918439311
50.5135588410791
22.5513327839795
6.45530321699669
23.0290723032231
31.594938120572
50.1288719119638
22.4707624570443
6.41131367570313
22.9427807056388
31.4636003842944
50.253642904194
22.2700737531003
6.36201274376737
22.8845977722661
31.3682500054583
50.3681949769221
22.2061650236657
6.30850255186857
22.7902812661027
31.3566539561823
50.1887468032893
22.1689500476413
6.24693957868786
22.694788721
31.174969419234
49.956938166896
22.0283335972622
6.19748658489802
22.6643866040493
31.0340383226289
49.6247687431633
21.8743719408206
6.13157806927335
22.5321580769961
30.9937216678469
49.8623860089675
21.8400025162686
6.06937016742436
22.496361358464
30.882485872935
49.5091628876339
21.6666463354656
6.02980706931311
22.4295085757698
30.8214736035595
49.4205196561853
21.6005655677727
5.97209774226162
22.3124493927001
30.7058078709837
49.4983251542742
21.426278215957
5.924166738903
22.2414495270065
30.5873152125009
49.2033531214499
21.3534380705441
5.86705625526348
22.1712064465416
30.4906671136568
49.043592327545
21.2521539336643
5.79670344268809
22.1146825518589
30.3501135771185
49.0532404917289
21.1504267076167
5.76019605285262
22.0330292166208
30.2684898182697
48.7975967169342
21.1007104823791
5.7123350164198
21.9530657524399
30.1956410303295
48.6376774878537
20.9626549823844
5.65619222191617
21.9117199913104
30.126379998839
48.4748253713601
20.8346316176323
5.60093189335168
21.8252965512121
29.9938714749368
48.554915708402
20.7480297700971
5.54732501260193
21.7381416285172
29.8792531829789
48.2721563864583
20.582404451683
5.50964237132355
21.6414731272448
29.8354084695213
48.1064511574668
20.5486408746344
5.43957247829148
21.6052922974501
29.6364557210002
47.8920376566853
20.4528727155764
5.39176911361672
21.5201887765857
29.6526495892717
47.5787291013412
20.2977673947758
5.33743491316889
21.4067689804734
29.589310264493
47.4887618438899
20.2215458354689
5.31055838186164
21.3580619664583
29.4731361581614
47.6879168761704
20.1403092371377
5.25060264388863
21.2902444996819
29.1835045242721
47.489879008238
20.0682383775662
5.19717053021635
21.193790990914
29.1697645251709
47.2863063672729
19.9242183598119
5.15296366851467
21.1473640902557
29.1614178928472
47.1971458277883
19.8627231274763
5.10196162919645
21.0548580170275
28.9825896057202
47.0808073586474
19.7672837865978
5.04134881873192
20.997406766331
28.9298492797006
47.1721792755955
19.6865551130452
5.00436701770304
20.912283347189
28.8301886794113
46.9433020884622
19.5570963059599
4.94350900029531
20.8426930526722
28.600156724093
46.6291640272053
19.4170472104896
4.89223593315779
20.7424973419266
28.7564778674453
46.6193293416482
19.3201580423977
4.8544819146385
20.6893698740264
28.4507696257275
46.6202233183345
19.2312055185929
4.8050122243677
20.5993049632542
28.5500855836246
46.1158218639338
19.11776791326
4.75151063436922
20.5531375211228
28.2421588248586
46.2952441577356
19.0390684776306
4.70394089618042
20.4302985305447
28.3100856936798
45.8972639002207
18.9084844575282
4.65804206468143
20.3911959849514
28.0428018185358
45.8374458747301
18.8831544464843
4.59852610800956
20.3348147374108
28.142925507017
45.9350158259606
18.7720280049622
4.56083010864405
20.2632894358231
28.0209901441155
45.7251870315671
18.5937623945558
4.52271287399639
20.1650403840314
27.8957107510217
45.5291886976107
18.5603120288436
4.47597830744302
20.1183506357963
27.8811280675805
45.5442236756139
18.4083701890183
4.44054743796949
20.0395781867485
27.6964823867292
45.4289741736683
18.3668375871432
4.38347451997271
19.9462965521539
27.639307984803
45.1391167287942
18.2153330821992
4.33506781167066
19.9177792349801
27.5207546940536
45.2727233297199
18.1132894370891
4.28920813418796
19.8571758506174
27.4787946799767
45.2197280608342
18.0620869595372
4.23773318674641
19.7723936953977
27.3341352298816
44.7539752306315
17.9900234274641
4.19871893050136
19.6780077741598
27.1242989862427
44.6291185000672
17.865715210473
4.16732727072556
19.5717807840368
27.1898277520409
44.6704116280728
17.8033626957411
4.11437437104831
19.533281846059
27.0542097602936
44.3988140347918
17.6846338119482
4.07467412407732
19.4690065059461
26.9146966025726
44.1974312537357
17.6337577718696
4.0249136028187
19.3689294747899
26.8695071010756
44.3136734954831
17.4677599305406
3.98551914397715
19.3296903413412
26.7691404129288
43.8189092961779
17.3963747905306
3.93394252907251
19.2641202740305
26.6321650796664
43.9909689771828
17.2340990218269
3.88512168119338
19.1645118513117
26.6536237875598
44.2254514005688
17.2362509000479
3.85306226911263
19.1344903384225
26.4858422039615
44.1018819004513
17.0857856712065
3.81050542417258
19.0740703166241
26.3697135880401
43.9920857107146
16.9929268706645
3.75791687129229
18.9993012039149
26.354231122916
43.3645021407022
16.9464536851661
3.71060898684174
18.916775532116
26.23126023084
43.8874509088875
16.8744331128684
3.68976143624512
18.8290473525172
26.1021126240052
43.4115816666342
16.7368226748856
3.64250979840155
18.8016089133946
26.1096469474084
43.3439589115423
16.6737514846523
3.60242056756844
18.6458433883101
25.9671482232632
43.3290217469331
16.5906421378109
3.56122759732262
18.644521303382
25.8857821287953
42.9284440507373
16.5341344037189
3.51970213009806
18.571891664631
25.8262396238959
43.0958285429242
16.4323379394908
3.47700369077474
18.5194954813227
25.6618808412903
42.7865431110848
16.2915858053783
3.43371564613557
18.4202459517119
25.6054611275961
42.7521750572132
16.2533462514376
3.39835102714979
18.3478256344734
25.4252015153678
42.5082693810303
16.157534221001
3.35352556298748
18.2821608423744
25.3720918495199
42.5166896631312
16.078986249458
3.30795003468182
18.1898042577122
25.2772731267389
42.2692593728467
15.9482281761542
3.27435224514312
18.1433254827377
25.2671524121137
42.0299041669875
15.8542336228055
3.23278718241739
18.0873431467829
25.1158269059026
41.9949229140055
15.7769117835372
3.20652626525145
17.9995153482
24.9704921414206
41.8626614836251
15.7498719596455
3.15638923323523
17.9386018924646
24.9548455796609
41.7187803983471
15.5979814101854
3.12377650760901
17.877138749644
24.8486903942115
42.0545562448247
15.507086907687
3.07338537443436
17.8431863771904
24.7947227244802
41.6468416835475
15.4305212822277
3.055244439852
17.7360904768002
24.5861502358693
41.3396712676487
15.3551014809102
3.0098407670952
17.674806634694
24.6241961859079
41.5555547169305
15.2855870828585
2.97012174329247
17.6109318588633
24.4040398345107
41.2730442570099
15.1267009201146
2.926285054891
17.5290857312373
24.4174621017121
40.9924518563179
15.0706811777043
2.90555825287297
17.4861554646477
24.4352345158229
41.1669654295892
14.9555471163575
2.86277056013562
17.3936643822718
24.2369212210194
40.913425282986
14.8905060063912
2.80642919800399
17.3513826774787
24.0829347116585
40.7883056799238
14.7879678260754
2.7827536716121
17.2475343963287
24.0327950931503
40.5793731817621
14.67361830642
2.74504940863951
17.1886398911448
23.9365016460965
40.2661785883704
14.5709391305076
2.70932468511875
17.1699893604307
23.8370606062025
40.460093491363
14.5685254810993
2.67752051393098
17.0893102454306
23.7862509018333
40.4501946815995
14.4357771628998
2.63384240443833
17.0252836666324
23.7054624657186
40.3138483549884
14.4207777127156
2.60221734504155
16.9263418894434
23.6198132566194
40.0775091953633
14.2623707151054
2.56147314513807
16.8735152335415
23.5096970905131
39.8872552826801
14.2248833593886
2.53483106769231
16.8106946330312
23.3771164267131
39.8720917231289
14.0963894820539
2.49001881244364
16.7361435390933
23.329175443844
39.8886171868371
14.0883148360027
2.47015620829889
16.6950592664
23.4256925936756
39.7751870919
13.9404598175395
2.4351261812115
16.5731020740764
23.1851048388789
39.5949394169544
13.8916307296569
2.41229806098761
16.5804532512225
23.0853784823272
39.2676038503535
13.7674833106723
2.36314484797751
16.486367133243
22.9766568883364
39.2853153928199
13.6283811043268
2.33192004872589
16.4175530358237
22.9613193121779
39.083467268239
13.6327508011071
2.28684743234812
16.3572088926807
22.7885776763066
38.9452305471351
13.5317075282208
2.25737962175887
16.2865837079102
22.7995624125083
38.7131613255121
13.4378308536175
2.22315417713295
16.2348562676803
22.6551231967146
38.6831141378298
13.3716362888424
2.19722870464571
16.1514415526986
22.5569819636812
38.9561181674109
13.2915238973098
2.16766732397549
16.0673913058646
22.4580849766544
38.4876031011335
13.1704408067482
2.13732641115473
15.9946708208706
22.377294605387
38.5745578683533
13.1322870734385
2.09894062366045
15.9730043683995
22.3735543043267
38.681556104899
13.1044473108603
2.07694614565032
15.8983696505355
22.3130380369199
38.3889223207691
13.0486303220832
2.03750343105982
15.828522401673
22.2380349432392
38.4801499262787
12.9963360300131
2.00752135443964
15.7539380783
22.0721823293968
37.9550574268395
12.8204229900667
1.96634395551042
15.7175495792916
22.0006240169063
38.1488593222424
12.7477220693811
1.95911975830517
15.6330610264038
21.9277388269316
37.9964776182525
12.5997120348998
1.91468752155719
15.5580695689746
21.7304058548718
38.038872266437
12.5582322138119
1.88718875933349
15.5190738229204
21.7924299378583
37.39452003552
12.4722788510223
1.85763317699849
15.4628670283407
21.6036042804914
37.7802775846582
12.4009795935503
1.82375888185789
15.3728750121724
21.5324942999198
37.546947952393
12.4249584705917
1.80146996223115
15.3064093538151
21.5241094509435
37.7017125897198
12.2941760194185
1.77257342212841
15.2483639856039
21.4119919707295
37.7031413371031
12.190945196355
1.74530167782823
15.2070047981571
21.2943831005976
37.223277019666
12.1213672846296
1.72115229764801
15.114587243817
21.3303543273959
37.0506793849903
11.9946123890654
1.68117461176817
15.0451395626658
21.184316071248
36.9454971198068
11.9622586288739
1.6611438386862
15.0247363243682
21.16949374268
36.9628456244549
11.8751891431611
1.62759094311573
14.9582697523013
21.0996387207124
36.6103961837498
11.7818208191369
1.60874619579846
14.8813142502815
21.0302033959464
36.740475627718
11.7509979874779
1.57541814017895
14.8538163387718
20.8917240347747
36.63465541282
11.5892880752228
1.55243013031095
14.7964025625925
20.6478625362808
36.6625283941288
11.5206067338936
1.52203782459252
14.7216256300316
20.7594936963217
36.1878405902637
11.5140445398435
1.5036007675152
14.6492569903489
20.5497055791483
36.1750673650457
11.3890325348412
1.47395313431153
14.5767101156969
20.4841613148365
36.0388167949724
11.3789635810031
1.44702365926153
14.4980294592165
20.5397041227364
36.1613086636449
11.2911581151985
1.41674123073073
14.4492857131669
20.3780665740673
36.2748565500109
11.2129543712539
1.40080007746296
14.4065416811639
20.4148880821407
35.6593259519641
11.0579555158549
1.37068213903741
14.3461327807662
20.1479474913424
36.0091211930204
11.0862607890913
1.34790448825617
14.2579181357423
20.2101418343253
35.391181417229
10.9459204806918
1.32701919109591
14.2091843104962
20.0470653055559
35.574185156687
10.9058915041806
1.29199558818762
14.1493455355257
20.0318221040117
35.4821733771902
10.8535794482231
1.27216585480822
14.1230806358679
19.8857307715321
35.3036139864861
10.7059502759229
1.24312954900423
14.058138109228
19.9104419744716
34.9706900521563
10.6477537857923
1.22697520401617
13.9737218211097
19.7462475393776
35.1755037325674
10.6598207451102
1.20005897579757
13.9236415518328
19.7300149629706
35.159946559029
10.5256132314893
1.17583929408078
13.8724339370161
19.6713781452667
34.982173152521
10.5045217977668
1.1633017688521
13.7984771442301
19.5223106636694
34.8031259888926
10.3239531295415
1.13143906773335
13.7304571472649
19.416836969413
34.6270050156828
10.3577446267256
1.11219735148786
13.7014071181077
19.3974643908617
34.7484096887432
10.3062670470474
1.081108915188
13.6219664126966
19.3238076961631
34.4991518608457
10.1854643729209
1.06757821467973
13.5401180250567
19.2927839427338
34.439050370696
10.1108775551508
1.03860916956144
13.4932916629138
19.0999616568119
34.3249459544576
10.0316672332947
1.02641682857058
13.4448234220785
19.1035399231018
34.1496956933384
9.96075763406498
0.993924417210947
13.3763975939662
19.0418814493645
33.9411878407716
9.89095073646307
0.973907144792147
13.3501464586337
18.9917444454086
34.2845818492195
9.83628652220289
0.953426943922749
13.2996155843165
18.8428898564316
34.2179388366322
9.74914807963819
0.937694750025584
13.19190402728
18.7373573224804
33.8961504915035
9.65273136439652
0.91663775090605
13.1600530331786
18.674754764698
33.7160080300598
9.62832892669057
0.898292270685672
13.0596915951992
18.5563872351051
34.0446714532917
9.5364899620872
0.877512871828206
13.0170234083026
18.5447257781884
33.8116931046596
9.55544536954519
0.858241938766067
12.9832565477606
18.4324916382086
33.6152240746432
9.45306589146982
0.843079373196989
12.9074457582175
18.3294895402708
33.4581648745849
9.29064016812834
0.827208150042735
12.8661727787511
18.1725771319616
33.0704636958618
9.32923435575533
0.799101701790585
12.8145097727761
18.2765577207833
33.0388501029052
9.20279919598322
0.781183478331405
12.7527963947577
18.156686428202
33.0419016392001
9.19645000545727
0.767920647763914
12.7124468178082
18.0370460459245
32.780214052097
9.07982425956333
0.749296266944826
12.6488183903352
18.0925228623382
32.901814729508
9.03262641848673
0.73064664046323
12.5951588226176
17.901927988908
32.3612941548646
8.94116025195144
0.70272976032588
12.5351159519702
17.8859493476674
32.8873851374296
8.95057371699331
0.693607339091928
12.490350110915
17.8650900519829
32.7815285350699
8.84263836308987
0.666719935900673
12.4174877442132
17.7507156225275
32.3800559728355
8.74667474626368
0.655308954452955
12.3619475949861
17.6398485792226
32.3593914486884
8.67705456437476
0.639788897761732
12.3294640476681
17.5173742297179
32.5371175635664
8.63808983258316
0.625712185559205
12.2088167904607
17.6885501392134
32.312298019831
8.6257103251734
0.610372339650179
12.145240747942
17.4065828761984
32.2146824424725
8.54411346181062
0.595672926367471
12.0982281572887
17.38514242348
32.1054692144456
8.43994952875639
0.576235184009028
12.0901897630712
17.3387592238423
32.0548219773369
8.35316586323275
0.563488063503962
12.0186443165093
17.2678539676738
31.7413031282447
8.36254349043013
0.541608455779497
11.9752039142749
17.1661551348316
31.54743966445
8.30370539030891
0.534882430305091
11.8946590081179
17.0709585037047
31.5882021592453
8.21090908282489
0.51445346143216
11.8270825651917
17.0391742432056
31.6309426540471
8.08392081162554
0.501203678805054
11.8009702385035
16.914667385636
31.5002223170462
8.05466791884903
0.489884232035086
11.7532961020822
16.8230500703631
31.2916348830055
7.99354430219894
0.476345004162902
11.6701428959493
16.7270755634474
31.3517814974756
7.9795944840913
0.459993450788381
11.6460054937698
16.5930485288337
31.1820118283047
7.87305741061032
0.449763336953149
11.5606687890225
16.7074736145981
31.0615040830215
7.84319547781338
0.432853384132605
11.5092427250014
16.5330902513291
31.1705946707267
7.74667595569025
0.4171063143871
11.5029554411006
16.4204146077276
30.8985099322052
7.71119566547215
0.410752597023232
11.421310274354
16.3566101053783
30.7845582942559
7.70757378512759
0.394061030964944
11.3743796083982
16.2498192710668
30.737715165259
7.53083445665492
0.389405938638484
11.2882446887911
16.350219109043
30.5924735136717
7.6095021507092
0.374333275328216
11.2639005580718
16.2107422668863
30.5147867882235
7.47390000552436
0.364908001454367
11.1934105746175
16.176269828352
30.7239179368588
7.4046022763044
0.350463368048136
11.1579790766577
16.1039941806458
30.1934931532619
7.39717943098435
0.337821044454066
11.1066858174288
16.1081099316465
30.106565461142
7.30655976598357
0.32387963626092
11.0244687097205
15.9641360927561
30.407049903143
7.24862266944363
0.310202131346114
10.9576258027351
15.8137701143506
30.3221529929406
7.21894547770465
0.301915593762938
10.9270074307744
15.745333770201
30.2066094493892
7.13826448178577
0.294522381652409
10.8253928014448
15.7976068018172
30.0916754228876
7.09930750903703
0.282318492619375
10.7910329766666
15.7063621584149
29.758759473837
7.02318326018154
0.269794307338722
10.7570937627083
15.5705824868705
29.5342297946356
7.02027304577079
0.260064293316102
10.7303132319802
15.4902255191981
29.6535885736142
6.93196344814786
0.255408481155695
10.6832047433639
15.4704471342592
29.6748404985157
6.89885225371837
0.248817956012177
10.645100518709
15.452239542948
29.9136477682707
6.72079111364584
0.239186134277377
10.5638661267183
15.2294478919982
29.391935573671
6.72270457464239
0.228901149892764
10.530217297555
15.1967759654203
29.4139056021539
6.70765435368922
0.2243209203982
10.4283345157961
15.1948253291585
29.2525175347803
6.64411753739593
0.210682044283016
10.3986513259432
15.1824165993793
29.0881524766988
6.49570807773643
0.205768115263303
10.3783621874877
15.0644122733272
29.1443705373908
6.4945010308948
0.192830079873125
10.3007505131027
15.0599367861568
28.9143599797592
6.44896791605326
0.189419952117413
10.264608173165
15.0004992550291
28.5330511239987
6.44704741344851
0.181472623229472
10.1828146709683
14.8477461895798
28.8886920099651
6.4332603780136
0.176951098602857
10.1666677111202
14.8329289801264
28.5922911294916
6.36160327041317
0.165148053664354
10.1492924686158
14.6642421623333
28.7876385691024
6.22174830787507
0.16086146525889
10.0228272091339
14.6149540125786
28.5588983382602
6.20599187952861
0.157212705276457
10.0018652020039
14.5052520942573
28.7489871584059
6.12496021052348
0.147786770892115
9.96134982213132
14.5203312090048
28.5168627292543
6.0902921933998
0.147641920278771
9.91130798897029
14.550198259422
28.563939275915
6.0760073406012
0.140053905118519
9.83194462842048
14.2967599796989
28.3790203038718
6.00807448467515
0.134330799986896
9.82238732839178
14.480628933937
28.0939861092017
5.93715866159995
0.12734311748562
9.73694583819137
14.2423971632563
28.1768780854061
5.92618393675062
0.1223986230774
9.71327004986337
14.1389176505759
28.0543170432243
5.87954657863917
0.118394587672584
9.64756768178807
14.1318516291345
28.0676230119132
5.80304645803554
0.116624749071099
9.59804953058737
14.0631726584204
27.7443611583206
5.74720445394889
0.112052696120719
9.55748673531209
13.9691241328923
27.5673431407896
5.67891044816863
0.106895493364836
9.50921858069911
13.9404354580018
27.7577409766231
5.66643804574307
0.106144757599798
9.46460237640647
13.879043535048
27.4988658478933
5.65287138333384
0.101249893664824
9.38918906064144
13.8205063179272
27.3955666130876
5.56248019248071
0.0961994751341024
9.37888971917143
13.6846437119798
27.448872235701
5.51377095419145
0.096885568589778
9.29976266363019
13.6599862552894
27.3906821450677
5.4159116479892
0.0915528912229022
9.30050681795514
13.6771654038099
27.2609227605448
5.4094308405739
0.0912391934616113
9.21452997095152
13.596129826362
27.282297827664
5.28729930304302
0.0872243091432774
9.13788696961236
13.49511153215
27.0054014564501
5.36492517654076
0.0877216682296587
9.11842006463988
13.5233561181887
27.1735695240878
5.20421645156559
0.085051977102359
9.07600631253037
13.2542015725904
26.9183131650925
5.15741272701834
0.0846654741665599
9.01689653808295
13.4136064029133
27.1267474388829
5.14000475651315
0.0838115980888256
8.96949706923614
13.2841108432667
26.9270811266526
5.11912581770954
0.0823402624727625
8.95628783300865
13.195251271406
26.5299979644214
5.07499111304461
0.0810516987205703
8.88489259869204
13.0575662941598
26.4855130086208
4.98217654237984
0.0816583507773056
8.81691652273609
13.0690072320665
26.4576521778887
4.98577203198469
0.0800772050097163
8.77339515502147
13.0488550255689
26.6000199004738
4.93415998588015
0.0812047803238652
8.73390568438015
12.9689137129498
26.565821286583
4.8941350941871
0.0815175432869517
8.64767899932177
12.8463813163168
26.2007036850038
4.84336116947091
0.0821483786389107
8.66028141222811
12.7975644649096
26.1954857703055
4.83672142274701
0.082452779645343
8.57341456236875
12.7350038190782
26.1797580121828
4.75411562262348
0.0840418071759682
8.55642317913969
12.6515253643974
26.0937647124809
4.69479648931644
0.0847462364169492
8.49298808208224
12.5425220809658
25.8001540499053
4.6725153223673
0.0884546460522253
8.44059220399971
12.6061772292106
25.7091289236841
4.68502509832558
0.0872687735852831
8.39351837641307
12.5065698303256
25.6871101062398
4.5413245266798
0.0928651208679962
8.35982642268052
12.5031907889195
25.9133643821594
4.52219787453694
0.0917498762199893
8.32862790049633
12.380266703995
25.6708882089542
4.52053235797639
0.0948073044445845
8.29949894813037
12.367374766405
25.6650220562849
4.40503181642141
0.0985327468792993
8.23309657432104
12.2152937921816
25.5852575303034
4.43984754456988
0.102278714046408
8.18075625905748
12.2467909059713
25.2556943078682
4.37194653945817
0.104313688385243
8.14535631445691
12.1550943663046
25.1965371421292
4.36008702330375
0.110861155032725
8.11073522675711
12.0420998166274
25.0452364830059
4.27190799629518
0.113819526254999
8.05104481149765
12.010870729707
25.3875986887194
4.26369138913493
0.114963407823138
7.97289785361757
11.9576812979883
25.2668576751414
4.18003213640874
0.121799490090928
7.95632883458159
11.8757981879261
25.1098730118139
4.13919659498112
0.127780705538436
7.92449707148095
11.7788858649288
24.9746101745863
4.12661706147258
0.129747293985426
7.89833049237655
11.8723054647415
24.6305419036043
4.03950509178144
0.132581225929866
7.84840218425773
11.7342285050508
24.9497989206586
4.04797251266072
0.141486654873942
7.76695696147367
11.7299151445415
24.6796588333516
3.9597597627919
0.147919503078262
7.73778418806764
11.7084364842942
24.7700945488574
3.96856233966275
0.153451484140827
7.66081437314442
11.5312129972612
24.7230832199814
3.89900542416474
0.15947379026006
7.6511779493565
11.5937463997394
24.4030823083439
3.88885771182657
0.166493149570946
7.61497939985867
11.40657012384
24.5085300143739
3.87477990685872
0.17284096347497
7.5699858573195
11.4079699507486
24.6070605138351
3.80377432573552
0.171624319364826
7.5368198121013
11.3507515393128
24.2949908700611
3.74709933323645
0.182025361059096
7.46190688587519
11.2488203217511
24.2319968007075
3.74912964848348
0.193097870703503
7.44111589523014
11.3150136430845
24.2090362881423
3.65962372847354
0.201324782567588
7.39314886846706
11.1326401138836
24.3623976596143
3.64101486205256
0.202868369119823
7.33866011518687
11.0877778851776
23.6978973447711
3.62448714877274
0.212315940475066
7.29551314211129
11.0192938461678
23.9510602261331
3.55536729809537
0.224575659447935
7.28753742561673
10.9582091592813
23.900968965579
3.56973850133568
0.230722595592883
7.20987092999837
10.9066217703404
23.6086609152881
3.51321579913056
0.239747902636929
7.17246656173351
10.8544125595647
23.8837427633983
3.45405521932444
0.253183788533256
7.13368307690393
10.8301518424201
23.6929845516605
3.49052086231731
0.25793820447011
7.1030129523253
10.8069620282965
23.5586349925427
3.44592460432066
0.270608399502276
7.07167243210846
10.6816696076836
23.6750625754644
3.37570325775524
0.27454434494434
6.99059212587899
10.6473614417803
23.4490441196826
3.307131986088
0.284173610404481
6.94130654355695
10.6579787134791
23.5351006160027
3.307668272384
0.29482366540978
6.90544269097733
10.4803842764032
23.2204413307784
3.28669088985257
0.303419552458996
6.91589269349736
10.545802516566
23.2106125370842
3.2860359227693
0.319569645614874
6.83886272736473
10.3482057369729
23.1112595710372
3.19739583527673
0.327536785271505
6.80127080799244
10.3091051863353
23.19253839791
3.15163392554346
0.33578386843089
6.76915582172926
10.265863656881
23.1943030655551
3.12571817545862
0.351151765363483
6.6965573365994
10.292639749178
22.8635091927347
3.12806866104819
0.369154541769277
6.71520229755174
10.2384080746336
23.2530433458019
3.06802484260879
0.374560045046503
6.62259384639495
10.1685687998258
22.9316969041324
3.0137203937044
0.385118118430211
6.58581642962452
10.1077143643622
22.7386780030349
3.01501157908835
0.406053552108961
6.55439819175881
10.0842858294302
22.6744886404199
3.01909800906702
0.411676238611932
6.47621797038984
10.0962960404534
22.8194785722699
2.94189368084349
0.427578489010154
6.47768353424973
9.94459385961309
22.4703663110685
2.93185965969177
0.437576511137018
6.45576414159728
9.95841186565407
22.4600469311626
2.87409185419173
0.4536222808401
6.37897044730358
9.86723008242027
22.4764917582642
2.82544575273081
0.471141271549426
6.36595893750903
9.79265720649262
22.3089456900847
2.82416257340677
0.477055424592788
6.31024081733333
9.76721667106577
22.4515969929676
2.78223637665405
0.493381492221374
6.27942513520937
9.74161007504057
22.4630509778503
2.78924300767731
0.506225970845237
6.22358730204458
9.65586335923319
22.2461410741211
2.72265787601028
0.516371937279582
6.19525313843446
9.42290634062667
22.2719377063122
2.6962357999214
0.53354370174282
6.13644557342538
9.58181333342945
21.89468453463
2.6858520028548
0.555459127024355
6.1189772777421
9.51390323862116
22.0365830932562
2.65788836546884
0.570161626794471
6.07521699740433
9.47694570113683
22.0467845114239
2.62012943766453
0.578088146169975
6.0397785653407
9.39870387490082
22.0001660906462
2.58572939952885
0.599990278878681
6.01630566905187
9.5135765101062
22.1022541397974
2.54486389209582
0.610678723385647
5.96619207939185
9.39670079466593
21.9118698674699
2.54749284952772
0.628634089008222
5.91620996808818
9.26321738987508
22.0286020514773
2.48290864912149
0.642057162561452
5.88129848318412
9.14257266164881
21.8577317904578
2.52566188264999
0.667104579492642
5.87037647636108
9.16658356094471
21.5008650617784
2.46140407433087
0.681346490503271
5.81705472277069
9.04619146797317
21.4807813145901
2.41736367492488
0.694473578451534
5.77634118616201
9.04916421308929
21.5761420800671
2.40714424832897
0.713616672287309
5.74887928297663
9.03850118317272
21.2275239075582
2.36299695455203
0.732531948578796
5.67047655499946
9.05404592070854
21.1702514312882
2.31886834323969
0.746542437752561
5.62282830709493
8.90960018633559
21.5631527878373
2.2966995035277
0.775509276210285
5.61838834424414
8.81963647432366
21.0795214633979
2.24347979358697
0.794018285484293
5.58959558269603
8.80584600241852
21.0493377867098
2.28378502706583
0.817060462352639
5.51709764523801
8.67546651769597
21.1170734859533
2.24136341637466
0.813552449495451
5.48883772434303
8.69662687834744
21.1716475842882
2.20880740644841
0.841182302861963
5.49018824731128
8.63636395083294
21.0047452098742
2.17310040763693
0.862184241681746
5.42799938560839
8.57667675351914
20.7973070922575
2.16305454783088
0.872343971767354
5.39541075715009
8.51430707731561
21.2007954530564
2.13583965346171
0.903063655750934
5.35625838817618
8.53083111502139
21.0125692756408
2.10885566482097
0.919611299880485
5.31676415546637
8.40896480393068
20.760768590763
2.07023995419749
0.947358893944036
5.26469838017783
8.4580253461222
20.6734365461578
2.080504020649
0.973348102220402
5.25197596957156
8.36031991230583
20.6524303637321
2.0332178574025
0.992549673687642
5.22950736094188
8.20969980743329
20.4780639135024
2.03218651321961
1.00771256061252
5.18953430363372
8.28205899403802
20.5872505945384
2.011185243345
1.02760576447041
5.13286587462587
8.18912120218321
20.7005881654357
1.94408755666774
1.05117855860079
5.12963321939715
8.2574546879882
20.2376520063271
1.91202537173803
1.07080575669693
5.0825735511994
8.16606571288707
20.441985929116
1.96298739322579
1.09299300111841
5.02451210701244
8.17908818509084
20.335305696596
1.88986853233467
1.12554025996447
5.00979158968193
8.06748955424571
20.0606357494438
1.9023796262843
1.13910052577377
4.97485235963929
7.97439799249968
20.3117229376086
1.87762636822551
1.15436782409288
4.9312855804813
7.97965217162307
20.2424919435431
1.87115854945821
1.18478212938665
4.92770304397778
7.87853506752604
20.157037973389
1.83460450632236
1.2128283480318
4.86789623645209
7.77352427358541
20.0488997998606
1.83111996239206
1.22877333104514
4.839245089177
7.86225715646139
20.0164011744875
1.8073529568067
1.25653558015971
4.80805045017598
7.80715553432421
19.9883345201315
1.7617970611743
1.28423272931576
4.76973305988287
7.68461854199088
20.0659290951708
1.81243201832564
1.30836649140434
4.74909959641223
7.73510089886884
19.6378823248698
1.74148975806429
1.31686805996768
4.69811270223339
7.58764731306016
19.8198531939627
1.71914274019374
1.36249823623303
4.6525825325223
7.66958182702238
19.7296093184232
1.72525630286014
1.38158738913627
4.59839102576237
7.6292696765946
19.568677911221
1.6657644714973
1.40127742709407
4.60323718700894
7.48296910295534
19.269589093488
1.66833234607829
1.43564388816338
4.527604532205
7.48654165403219
19.4325174325764
1.63173372979894
1.44545214413652
4.5244170964131
7.51795342087661
19.4322310668188
1.62225003529242
1.47738469727476
4.50638199774016
7.42559274810608
19.4634820215943
1.60476871908407
1.51784601167326
4.47227599095382
7.27915704882061
19.4204180670387
1.58234306076722
1.52118293232954
4.41987604258919
7.24112765826357
19.4001305996084
1.59188005082645
1.55553640595189
4.37961138221836
7.29183401013814
19.3104385050362
1.5697343188636
1.58259949497349
4.35002196525525
7.25341294816054
19.3840295752506
1.54927252760318
1.61431507341041
4.31606677390507
7.07569604553542
18.8821146859683
1.55230249875751
1.64435168505493
4.30055455489657
7.13426778947197
19.2556249013692
1.51631459689733
1.66177151165157
4.24021999652772
7.10473028556097
19.1037378042462
1.56398496437706
1.71086717428522
4.25496499781972
6.95403728420944
19.1093288726458
1.48467352461984
1.73034025379324
4.17588793311213
7.03714508656859
18.9990888209124
1.50612531208167
1.77950717209121
4.1969332640555
6.92510334927235
19.0596283885255
1.48381393716622
1.77072272175074
4.13335390892153
6.99019586165979
18.8181891592353
1.4352574373516
1.80694396417567
4.07855130052798
6.85245295974261
18.6580246354733
1.41494968857713
1.83897072261108
4.07500948523053
6.86594118178545
18.7736512524351
1.41476588680718
1.8688088425018
4.04522580439223
6.84732326820686
18.6671788274619
1.40090099045625
1.89961601919088
3.99859247548023
6.70836023337418
18.6712256874286
1.40375280960889
1.93386737115216
3.97152259739639
6.69069283605083
18.5050916872489
1.38860030223992
1.95960172311501
3.95261732457233
6.66474153143108
18.6079933595853
1.38590341903147
1.99802601782075
3.92988399964866
6.60664443829029
18.4788975844311
1.35847301722881
2.01637648829826
3.88166101917579
6.65473400947284
18.6377578696007
1.38126754822582
2.0283280266716
3.85414833546879
6.52719785647011
18.3076194687404
1.35226131872269
2.09603841665362
3.81427121431414
6.498561198405
18.1240406099018
1.31912103688174
2.11879964525094
3.7673491017498
6.42838589553659
18.0973461504595
1.28893087859108
2.1405348067311
3.76586356809691
6.49323451225814
18.2969093314535
1.30537254003636
2.17827307982147
3.7464541819729
6.39501263116654
18.1654555505912
1.30218637227066
2.1942753449607
3.68644819643562
6.3308145916572
18.2231388421164
1.30623219501287
2.24130837752745
3.67148790706521
6.32250516078132
18.0358703173165
1.25781789903923
2.28419874622712
3.6195483537913
6.30466521881405
18.2254343002825
1.27520716145456
2.2900426310386
3.59758152546332
6.24553874679567
17.9992777341457
1.28340498193745
2.33339993656564
3.57433054884019
6.20033396713733
17.9560627117545
1.22769659607879
2.37076117267796
3.54574899199317
6.16335304382331
17.9252560984803
1.24146875849064
2.43454063296599
3.5630069686331
6.10829136802894
17.9254275604062
1.2473473501991
2.46467024262549
3.50007782530068
6.0187436727581
17.6420445091085
1.22917866641803
2.44881751759033
3.48518461217725
6.05944602212023
17.8903398083479
1.22413770564613
2.52229111389832
3.45570456195036
5.97709656530429
17.5814790644547
1.21682814243383
2.55634327099469
3.41138472299865
6.01569049102632
17.8181833560738
1.1975800392146
2.56832064088884
3.38293541688773
5.94731315662073
17.6910159703642
1.1863192491331
2.62366580767764
3.33447011148221
5.93547871759092
17.6689169164646
1.17249911880327
2.66232123019419
3.35039868032109
5.86317664426596
17.5677133460403
1.20484462268836
2.66636818465061
3.31317975959662
5.86049542224291
17.632376412749
1.17824632181739
2.71812753203602
3.25691462782218
5.75755261874511
17.4839204374582
1.1778164441707
2.758847244879
3.2556076034062
5.71445079377812
17.5812409416931
1.18817673444766
2.7976579656031
3.24670209469391
5.69225764309185
17.4699414421405
1.16265767699596
2.83427610836227
3.16981835081519
5.68047387853376
17.4093084224495
1.17506907098559
2.86875766915943
3.14904593110411
5.6681040723897
17.3318519938979
1.16221163498613
2.89613576306385
3.12207871323051
5.71606114751257
17.2598406328835
1.14499178848765
2.95213898173535
3.08608521962421
5.67668206621571
17.1315303349553
1.14772693014207
2.97638436838128
3.07426906059774
5.59050925196378
17.1232372306137
1.15577823353252
3.01432526779949
3.02442510304696
5.54729796822205
17.0646122972908
1.10861490690059
3.05963209025299
3.03863110917977
5.46855076969372
16.9954353684418
1.14358831014237
3.09466753140687
3.01451229203826
5.42151231718212
17.104166330432
1.14869119668076
3.12541896377283
2.97035513886597
5.40174108076675
16.9316619320693
1.14006220566832
3.1610539111108
2.9595374236757
5.373437235767
16.8476892615752
1.11065402681948
3.20546211756123
2.92642037856974
5.34559525351454
16.8989634286827
1.11679815632768
3.24225562541956
2.89594070009
5.35972722604308
16.7750127672352
1.11376264779194
3.28599576126093
2.86162751799396
5.25466995929577
16.7214541313722
1.11531322253494
3.32676153870964
2.8506170191841
5.27012347436825
16.9001321512941
1.12347284192192
3.34229318822964
2.82899622586417
5.223707692362
16.9423267482984
1.15303021788139
3.39933949221073
2.80348157772468
5.19821467389542
16.6517037772209
1.12503488238631
3.43457668728637
2.78231383602462
5.16867085573363
16.8233135997315
1.11426321490296
3.49887375087989
2.75422893573837
5.11861637619828
16.6546136136034
1.1406940449817
3.4897085551839
2.70269570074598
5.10643139163305
16.4729113883195
1.11840813234842
3.57125224234468
2.6811845617946
5.12051912170493
16.574948812251
1.11351006152035
3.59382199507375
2.67678347717839
5.01088505266402
16.4236082049499
1.08153917294116
3.65268321230523
2.65930898563052
4.97285608208424
16.4624307290217
1.10581025294886
3.69492830856568
2.63479945343564
4.95824282224807
16.1904723235785
1.12427704591514
3.7381559247331
2.59446780980291
4.9872249372321
16.2777739580883
1.1294295275345
3.78366716738142
2.55580131198573
4.91260992590653
16.6329155235706
1.07628582247951
3.81930464452868
2.55005468928161
4.81575925658703
16.3797894947077
1.12380514698175
3.89017257961982
2.49224880852279
4.84158835105071
16.3871218796399
1.14128270935524
3.89541224116957
2.49919242725855
4.82998236588083
16.199909906272
1.12006833618714
3.95279951152766
2.46804711366336
4.82451519025846
16.2048031523334
1.12664618022039
3.98947619743726
2.46716418038204
4.80753716296668
16.1842027877119
1.12888146013978
4.05206905347129
2.41444898767254
4.65610210250016
16.0213782251841
1.1198212065908
4.07625503896848
2.41069629032204
4.63901567766911
16.037340336102
1.11984072678822
4.10790581610385
2.37778230005873
4.68358302518948
16.0443611276697
1.13523218025465
4.16917713810616
2.36934696996053
4.56592335130937
15.7538613865359
1.14917506312705
4.23087567701899
2.29504087063856
4.64251353436063
15.945115246835
1.16256850151648
4.24713077092709
2.30070480530382
4.52797289426645
16.0522955431747
1.14373188687227
4.2877322750577
2.2741802934654
4.57257178365474
15.8727922963056
1.13326072429834
4.32728231808509
2.26043407916718
4.51179595999495
15.7393785156724
1.13911810936382
4.3835487947044
2.24263323760996
4.50239613761517
15.7827974519672
1.17208436441456
4.45883725697179
2.22581628367321
4.3999949096455
15.7784786360744
1.14200914768193
4.47070716193394
2.19261067530843
4.36367947731183
15.6488361527551
1.17408535102396
4.52364170087708
2.18049985990823
4.42292858169204
15.8250193513771
1.17385041314843
4.56830811389528
2.13239363137295
4.34344559411038
15.7669470694368
1.17077848837247
4.62227136544664
2.13284104395701
4.42315453102086
15.5619493469865
1.16677213782493
4.69387518801369
2.11652612961989
4.3414938933403
15.6828325669438
1.21867233525759
4.70813355643791
2.07714497137904
4.36322364035806
15.5555217132751
1.23758261253046
4.77763860958724
2.04573085478723
4.2927482182827
15.4246661848845
1.18671461994527
4.81089171004412
2.04357257252657
4.17960502476931
15.6668894067026
1.21925560730716
4.86197947717004
2.02095608572702
4.17022908288612
15.7110075843395
1.22324474754799
4.91871782800766
2.00659049285093
4.13736538076842
15.6009296234961
1.243009127054
4.98985030639648
1.99364727163854
4.18531947120316
15.4346984692981
1.27842073552504
4.99518174087867
1.95553606159638
4.04619404211925
15.2824697264295
1.25039804437708
5.06924845366751
1.91885244818468
4.08563276482953
15.3954923704848
1.28708128832008
5.11376659903118
1.91212150967291
4.04258735800071
15.4457689393353
1.30605028315064
5.14756342261608
1.87582217580481
4.02989870419024
15.2174447205191
1.29506957017648
5.23356291122591
1.87356736630563
4.02779091582102
15.2563194560037
1.26896973295711
5.26605156586378
1.86081053714126
3.94839602434841
15.2652367132931
1.29810716656689
5.30979999554283
1.8501370306844
3.89397537904625
15.3310032014032
1.33538095426837
5.36434641704105
1.82285612056138
3.993920815345
14.973535940391
1.3121205559179
5.36526406359851
1.80004951804569
3.9666225087274
15.2990544297256
1.33515097397779
5.4607041508923
1.75860549976932
3.86529089967311
15.1096174444687
1.34048498608742
5.47963371166476
1.76407040986614
3.81901015454318
15.1143934197287
1.3431395428974
5.55812150158573
1.75723179502738
3.83532629715806
14.7355621905586
1.37411638032231
5.61197065344466
1.72640099189068
3.82266121201746
14.9711148293557
1.37546439271397
5.64955451107649
1.70449594736463
3.74317061511161
14.8904591896291
1.38594738878794
5.7264741915951
1.69191733508041
3.75991609911155
14.7754229784841
1.41348602055545
5.7778628386959
1.64911979204824
3.67619144038225
15.2535546723073
1.47687251107931
5.81863160025057
1.64623984215907
3.7297736861748
14.8809302437155
1.42864690167946
5.90197164409229
1.62756785672387
3.68126641120753
15.0098225983112
1.47765459049946
5.92395385368742
1.6004200394713
3.60910339682617
15.0127254790907
1.43221175254149
5.957937527387
1.5775956954021
3.65653160612503
14.7828920642869
1.48130374575727
6.03289070850669
1.57896723255503
3.62315842883532
14.6825667193059
1.5080211481185
6.11804001254699
1.55465125627345
3.59839777478528
14.7925513553846
1.52070091259227
6.15889119975356
1.53983932568626
3.58753406278329
14.7743164562021
1.51445641481871
6.21833162263282
1.50888211228497
3.58006174999726
14.702621355481
1.51831212303734
6.25610286623952
1.51286650719829
3.53777700182615
14.9765577021676
1.51962586515851
6.3264742829424
1.48704701073938
3.4929556310836
14.7876917284261
1.57081850504229
6.33535036877139
1.47810482043326
3.51005265072985
14.761178050692
1.55815122064351
6.45495414859668
1.45961711267415
3.49219973789071
14.7874196928944
1.53701506288818
6.47587492863705
1.4227314505207
3.38752802560076
14.4771381611866
1.59261396107125
6.49551668076392
1.41176974141627
3.38998545034558
14.5658016744557
1.63153748548281
6.6511083305744
1.38515047692509
3.37208855574751
14.5892908284122
1.63956438088154
6.66673336071405
1.36696033848942
3.33748705365798
14.5948839804433
1.66840741428796
6.70277603280144
1.38212644972863
3.3648779421916
14.3692313596096
1.62144541190907
6.75854971263854
1.33511707505852
3.2845315611156
14.5406057234372
1.67394466126185
6.86465014568826
1.3298125815655
3.30269768296397
14.5039644288186
1.66994423659772
6.8723774511663
1.30783436491893
3.27699781875633
14.4135706867519
1.7040791683839
6.96282546482666
1.31654167712197
3.24604717885091
14.4118740649964
1.75833536642256
6.99053945655238
1.29617212491576
3.28363260731075
14.4013608176753
1.69461322767209
7.07422066645359
1.25597800027692
3.20026219507284
14.5101349653001
1.7983429118421
7.10010967132948
1.24983670181604
3.20362554484202
14.3796945027255
1.81860935106267
7.16614111088224
1.23558185668533
3.15564118604961
14.1348155934606
1.82249297883828
7.27333591136938
1.2111327838748
3.19675004578285
14.56141452163
1.83299585291618
7.31392354197709
1.18142712253893
3.10380675061774
14.2289088652596
1.88219398311722
7.39027619136727
1.18225591018991
3.10317327195657
14.3224660064583
1.86306094904248
7.41582777023755
1.19974430643018
3.14159806565249
14.2539580402104
1.90806458576217
7.4789909660866
1.16330362731169
3.0605709451659
14.1640926733028
1.90571075892126
7.52757035922678
1.14025525779763
3.08863771787273
14.261202597313
1.98661521556973
7.59894832756111
1.12857796141072
3.08503857014386
14.1367595970969
1.97328132132895
7.66918674412504
1.11612952534939
3.02538228168384
13.9576294931804
1.9710537381824
7.7556237713844
1.10815483094804
3.00910920465406
14.3030353072901
2.00895187321502
7.76940895414319
1.07130171212252
3.01092738949898
14.1395127496907
1.9290476572151
7.79760988040752
1.06962576274814
2.9893602103694
14.2330466287394
2.09714233552731
7.89606487807687
1.05505035313582
2.89744487898734
14.2188467219537
2.10269680145
7.90888119298818
1.04192779093201
2.97221549011099
14.0960476686831
2.15364856056104
8.0234737557917
1.04509348830229
2.90938207407821
13.8465623696916
2.04198067569121
8.05952219271156
1.02752280069063
2.92907539643381
13.9521911631532
2.1103938030676
8.17495397194109
0.997752336333599
2.89502511810792
14.0678949370896
2.1649922074352
8.22746794208389
0.985677594942103
2.90825155946021
14.0117650964507
2.13267295824428
8.25323598845729
0.987711018533565
2.83225375998567
13.6788502021978
2.23819559231225
8.36402544929526
0.961139071676901
2.8005164243012
14.0683737467628
2.30989024096663
8.37573016705265
0.947753856729137
2.84599967333722
13.8749404226777
2.30793283596971
8.46812978086362
0.933978939348846
2.75252062972898
13.8351263126513
2.27830649635619
8.52895554523378
0.942363000306256
2.80947550923485
14.0174742526513
2.37379084237507
8.57157297705947
0.909524395008767
2.76212111497799
14.0899229542536
2.36697283033231
8.62554701813413
0.890413774849086
2.75373824438259
14.0517152488278
2.36820786111236
8.73143745597794
0.898469232298112
2.72509962329609
13.8155929843158
2.37199396200224
8.73565761448803
0.865099657965481
2.73200028362553
13.9344719484601
2.44022029977296
8.90929577192047
0.874713632228748
2.70474825013859
13.5323056043622
2.42420198827208
8.8847100740764
0.842433713948592
2.71248650891922
13.6842848396372
2.44610061274092
8.99781542635636
0.834476355533772
2.64745459558991
13.7753931033778
2.46761103993971
9.05312935444745
0.824980370209909
2.69400167023049
13.5237443004805
2.49980012975766
9.09265305806578
0.823784783747002
2.63841906435982
13.7275940845275
2.5410356948683
9.15080215277057
0.805251371648513
2.6268632138947
13.7293132518796
2.56255412377145
9.21930841700613
0.793019046576135
2.59434990289844
13.6023278517474
2.63154349817385
9.28625416485363
0.773047319436299
2.5937395815748
13.5324373402531
2.64184154722264
9.40407771087318
0.769309966822181
2.59528878146603
13.6968281119991
2.72341369639076
9.47855059162102
0.771171774826171
2.60020828912966
13.7864865880454
2.77045031480551
9.50708625223385
0.749841306308472
2.58528369695897
13.7174768852178
2.76051202870512
9.52912377509825
0.744172109358331
2.55221929835881
13.724977039904
2.76094140118628
9.65189510393823
0.739396291062516
2.53064329575356
13.5712772606685
2.80447927181806
9.7056062473796
0.708442847739993
2.57785646130539
13.9588551419168
2.81007975739483
9.76621763057311
0.709381659500876
2.54510772096754
13.5964548453583
2.80360718125543
9.84988980973307
0.685681565710961
2.5582250533436
13.5372039830987
2.89048834105082
9.90443220668777
0.698320842444764
2.5366113672084
13.625036343681
2.98830739032549
9.97673111477278
0.684237468112832
2.53644901096157
13.5104888121848
2.96608224450016
10.0197107805446
0.659439799561671
2.45221344524988
13.4320824480724
3.00597081902159
10.118865555273
0.655888077120766
2.43856074355796
13.2402757091889
2.97995638122163
10.2059777675523
0.659655932900708
2.44604323814575
13.5961231369657
3.08392781235244
10.3044835322286
0.640682166136469
2.40849145964571
13.6322403897105
3.06992787745338
10.3200213430884
0.62566515683909
2.37881148017919
13.601829412594
3.07573523985566
10.4161101840563
0.626034449813065
2.45256592169742
13.2160404439904
3.15045300720403
10.5055278977511
0.61267873184068
2.37595680921088
13.6608878738152
3.16151066595617
10.5858073520177
0.612821987099964
2.42354112915009
13.5412173167509
3.23113033626562
10.6703929381266
0.600971730584327
2.36398877437076
13.4815435943406
3.22544712450776
10.6960686129148
0.586764771083369
2.35534781972382
13.7226319301368
3.28617648188652
10.7721181290459
0.58470251944946
2.37085669295516
13.6115691533643
3.25016502554966
10.887173568939
0.569235023274565
2.30609378563155
13.3978811305707
3.31678978629723
10.9471990007694
0.567323811575316
2.33965017335834
13.7802031323708
3.38935507246952
10.9691555528783
0.554070091526015
2.32708608241943
13.4685426038244
3.47157486893012
11.0656902567553
0.561823557805669
2.32358634733179
13.3766645277408
3.39023395035945
11.1468711369496
0.54599983286657
2.28333251057296
13.5077440912161
3.49964045355566
11.2105631514924
0.539492956607503
2.28734672395703
13.4261082245038
3.46239564442555
11.2730075079811
0.523538055258791
2.33985192475197
13.3571998626678
3.5407550758566
11.385772502525
0.52207664130057
2.25965332236675
13.3677244424519
3.63563171192371
11.4128603128365
0.521341680859205
2.27890481960773
13.4912861408152
3.68636594186296
11.5251844184435
0.501097132208909
2.23546019056568
13.4839381799695
3.67251107407845
11.595476898003
0.504092441903751
2.30502786004778
13.5668177144703
3.77792673579315
11.6617348043534
0.501139447788509
2.24004104031584
13.3432968536553
3.77773168468324
11.7630332458693
0.487031580129086
2.26612959440886
13.6239235302533
3.79734237603598
11.8929046609174
0.48432131087875
2.22664777206811
13.3519163348042
3.83372083385262
11.9018923319251
0.469382620935987
2.22953358346005
13.2034534420883
3.90038792600271
11.9853488465084
0.467588087258941
2.17114009951305
13.3012026238355
3.96842359378067
12.085122526146
0.457737040011189
2.21926018455082
13.283318996214
4.00788417040027
12.100771499317
0.45549479702855
2.24717404580287
13.2956011792814
3.92271818708934
12.2200058977407
0.457692945760439
2.14618456104734
13.324943009608
4.01142156982946
12.2627228350815
0.434779854934725
2.1948605865353
13.280896047849
4.04355146844077
12.3153875023507
0.445347385294849
2.17740188012036
13.2875083979253
4.15654373504124
12.4413611902002
0.424242465518398
2.19939457562828
13.3238283485348
4.08846907004155
12.5038948732943
0.429875857872247
2.18690060563799
13.2825377621558
4.18293037104603
12.5685505201104
0.420257323761872
2.15624988317264
13.4004503463119
4.16996111562854
12.6345064066881
0.411402965276019
2.11351048675487
13.3068836044266
4.25314011611025
12.7517929224965
0.402834719245445
2.13670265822067
13.0893156845151
4.31997442011802
12.8291333000474
0.404329736589322
2.14620547135377
13.158997613781
4.19965242902758
12.9139591253647
0.404910774479851
2.10914214707965
13.3866953670883
4.49413643513339
12.9545870266739
0.400746444237753
2.10314373186721
13.0422879093169
4.37416918789116
13.0669877775061
0.382427463472651
2.12789951749078
13.4481473179774
4.46596881146172
13.1357176388768
0.384662121121068
2.10389372988841
13.1450703771471
4.56964204389309
13.2033430363864
0.385823923972976
2.10595203219579
13.0410249104901
4.52482685625818
13.2120331761642
0.37443388185043
2.07211880855092
13.1445099330681
4.60512989403645
13.3383532548623
0.373317753980431
2.10991344619063
13.1485792749678
4.59952520672018
13.4512977613895
0.373069216533271
2.09711290148469
13.1472210718659
4.65983552422603
13.5142563475104
0.361817987546464
2.10191679933775
12.9338623636842
4.57785505008183
13.6070200417338
0.355398381551274
2.10800518329581
12.9583248055372
4.6817110494723
13.6751381392907
0.366911434191831
2.07802640289801
13.3440588563892
4.73597786800348
13.7197122725462
0.352484208983093
2.10308444938604
13.2051306470966
4.83322525976867
13.8454362617153
0.356804381358047
2.09120332640602
13.2966082937314
4.9181971354079
13.9383817069899
0.357260283777587
2.0410244117008
13.5150067157868
4.94189542963241
14.0611188554511
0.349435116726323
2.07305812005271
13.0088537564759
4.94167736090716
14.1141031929206
0.353182698974759
2.03816979422644
13.0638947319856
5.08000799593525
14.2236233116569
0.343434482285966
2.10405904096042
13.3393409530871
5.09741422246852
14.2712920227315
0.341013538496741
2.08951069307286
13.2751421092675
5.13904044365949
14.3527596527817
0.338446912603196
2.03914191097146
13.2297201633801
5.14752275269915
14.4829810216303
0.334678280574725
2.03537512451047
13.1846488349673
5.29954017962903
14.4887446593014
0.337228517059138
2.05417164936016
13.253498557029
5.4308203103284
14.6320008062729
0.336653127025968
2.0687191289049
13.174318564146
5.40426475352068
14.7423688321836
0.327377876911084
2.05846557571245
13.0096693534855
5.46737747532955
14.7910775514066
0.321464596002517
2.01005398442777
13.202738108056
5.48262228030981
14.8472000228138
0.328835000676019
2.03801715926006
13.5683678993785
5.52032937000163
14.906080279915
0.324945638450469
2.09088739116519
13.3120580390896
5.57850548664097
15.0437466967864
0.319405914279178
2.07791673303664
13.4186302907077
5.45026523495987
15.1249193345097
0.324465168126319
2.0033046202138
13.3326719688443
5.63443309774856
15.2473877822754
0.32094958214496
1.9833504083286
13.3248585161581
5.64255611157179
15.2526454274861
0.317016384565344
2.07334874061256
13.202809764494
5.74918264930288
15.3735949952522
0.326075530117513
2.05464740688641
13.1079171292061
5.7768635849633
15.474544821592
0.325610706454421
2.03971679274623
12.9717966312011
5.84577211658251
15.5386896253365
0.314655783610786
2.05284815564217
13.3192324649132
5.85285915648607
15.6686553418475
0.321730679385473
2.04831596255348
13.3730401575678
5.99706013470069
15.7518774598171
0.316658925474959
2.03532326732881
13.1973439493223
5.90729336139929
15.7863316846538
0.313632697552193
2.05327168189682
13.3728607207747
6.19393511691155
15.8903142371861
0.317507804956366
2.04099534832748
13.3826470626162
6.09897258629542
16.0178441887897
0.321582076449492
2.06657663382786
13.1808825584851
6.19489362818343
16.1314716658266
0.31851638676167
2.02777954832365
13.1648176810498
6.21689205488807
16.2391181543278
0.317306995949325
2.03626139401722
13.3071216312398
6.18520367408517
16.1819612211364
0.31510642042252
2.05838871444544
13.48490256549
6.25674657565831
16.346886734433
0.31398163098701
2.07993251629041
13.4028499720439
6.33984178050353
16.3899141288871
0.32397903691848
2.04689958363816
13.5528924373609
6.4104055184377
16.5530101646075
0.321815184091018
2.05265215153442
13.5856880276335
6.48999368846679
16.6297885699946
0.336829385419548
2.03778847909
13.4709903635266
6.44182480197436
16.7231449171094
0.321587288112107
2.04136830173998
13.1997353155421
6.4867909854557
16.8583410346968
0.335286402018083
2.08618537625994
13.5333630575881
6.53243932717878
16.9294777956018
0.33262722543692
2.01534338139983
13.2943773434499
6.67295586166336
16.9193107055812
0.332321237784837
2.08301604852374
13.2143072442347
6.68004035594964
17.1089264430853
0.337470793145552
2.03323553087582
13.6051954870299
6.82459765796281
17.1293625279159
0.324106287892167
2.06149255312395
13.4308465909068
6.82565810918772
17.2556249931107
0.33958889977082
2.13466628068962
13.3712231182659
7.00458856355275
17.3102533386953
0.337316664329462
2.07119002125151
13.6267463432153
7.04421761909629
17.4480439885836
0.34238810969375
2.08696684245502
13.1114383865146
7.07559583675237
17.5405435794178
0.336348960014865
2.09658403866142
13.6609965551
7.03980084962202
17.5444137060956
0.347037388903663
2.02901473879025
13.5014547971319
7.07438344041873
17.7344355741543
0.357536066032577
2.07115529532113
13.5192806435513
7.16394648301493
17.7825526686113
0.355159740904084
2.08167127665931
13.4735591051125
7.3256749311272
17.9018373071201
0.347555732096017
2.16705214278722
13.7067671570548
7.23970697050168
17.9643137409205
0.366003106625675
2.12799340639695
13.6903343331436
7.3852001971894
18.096430043038
0.360153711856973
2.11219978691728
13.3690591739808
7.37381031738876
18.2065767363152
0.357409038390498
2.044086102628
13.8022370831574
7.45292779769607
18.2666367202993
0.373003180484263
2.06175917096695
13.1963528380092
7.35089635348177
18.3403034675548
0.369631800615681
2.12272343159656
13.4649537573172
7.44556830358636
18.4603668842405
0.379853676963357
2.15473304175702
13.5589532625202
7.5748434958698
18.552676684971
0.383912555995036
2.09330247457966
13.4688014346518
7.68348009125508
18.6223546499085
0.388727722805064
2.19161739579165
13.9593763731159
7.86748490395993
18.8078876629001
0.385846588168114
2.15586642967677
13.2510172423037
7.80292689810983
18.819011265835
0.396388695497598
2.14344621866622
14.0960746093255
8.003225774394
18.8660702157605
0.390933383280218
2.16296643143656
13.3464106640621
7.8566721929551
19.010587234825
0.398036658116448
2.12062561003532
13.7857071898184
8.08431728292926
19.0166502052924
0.397630736763726
2.17810529232921
13.585088305528
8.07894783820988
19.2014342095486
0.410520025345927
2.21874565364741
13.4073115439783
8.06128953097148
19.3551411451608
0.413532378156088
2.197302949031
13.2658669203555
8.14300311499701
19.408082634326
0.412142428797075
2.1818893703215
13.8516903850324
8.25687468547465
19.5747868964351
0.428586303071927
2.19113788665557
13.9584360905808
8.40127127544151
19.5803881303907
0.419861729764313
2.19859195697425
13.8189603147295
8.38767218468699
19.745181381344
0.425248082956456
2.23448525980224
13.9620173240933
8.46060063344349
19.8536358401516
0.436343703563996
2.31040478108931
13.9462962213717
8.2455953470754
19.8798862071524
0.445484275737134
2.27416705298776
13.5713383739925
8.53867625645791
19.8962896139508
0.44756802283154
2.22856744547417
13.9669037896186
8.53316614015113
20.1736501376657
0.465770800023711
2.26658003857126
13.6480102668087
8.79223971223445
20.0959078966954
0.464270922571542
2.30800236636007
13.4626081123536
8.52643672135431
20.285140526556
0.468828852280288
2.30986844607358
13.9617765269939
8.7391911678577
20.3712330940741
0.471422122094663
2.3237686524336
13.4446655788015
8.81877390057155
20.4729811314353
0.474209388099776
2.34527369785402
13.7509255846347
8.84123843577034
20.6336814969426
0.489722812023015
2.27689601635718
13.8662872538682
9.05202153720356
20.7082785206831
0.490323985733354
2.25234989535452
14.2003188980114
9.07537784204419
20.8039889804571
0.498551230855884
2.29718869208126
14.38596713765
9.14605885349622
20.8806973341456
0.509846320198952
2.37926127327261
14.2009420689618
9.13616292553121
20.9907010810332
0.514838559963424
2.29797588940729
13.7720760291777
9.20257228945916
21.1630706025602
0.54361970394614
2.22185013620395
13.8638381992004
9.11081291157929
21.1305761582043
0.537865753825651
2.33625424945272
13.7182784686172
9.26649790132405
21.2949612294816
0.547236973870407
2.42928620797209
14.3668233107096
9.48258321866522
21.3804199376774
0.54392892964961
2.37938109111133
13.7968008103117
9.31318945371974
21.4822671550484
0.55271566875707
2.35055991363154
14.5190390219527
9.64154491538085
21.5259590371084
0.572700972515016
2.4050596039712
13.9875431700241
9.6874079336897
21.7031474763236
0.567722054683768
2.41356189931585
14.0516308506501
9.61441810723131
21.7880062645387
0.582129101327011
2.44027310384415
14.375724085291
9.98571639441148
21.9111963652591
0.581510113211624
2.48063146892085
14.2798769388355
10.000233326475
22.0866778726033
0.596641279956746
2.42314476056923
13.9949556497713
9.81041480831535
22.1344307125708
0.613179361148105
2.44262488025653
13.9801675288105
10.0618676644249
22.2672432291908
0.622076379101199
2.50108557952239
14.7978684916478
10.1413131780202
22.3842861148641
0.606195532785324
2.47685859108445
14.2184815266092
10.2577005876169
22.4081367833182
0.636255091896259
2.47378576853483
14.529122219003
10.2931163789424
22.534681110656
0.638797599792039
2.50650316208974
14.3776880482767
10.369662842295
22.7482471137336
0.645891480061109
2.58759718104951
14.6002792497045
10.2741164261888
22.6988480188593
0.657674217204901
2.50809623493039
14.1151853431222
10.4398681518174
22.8621874224001
0.664121084303511
2.55229817258582
14.3918309376344
10.4054660435948
22.9465292117758
0.68090455307202
2.56273993250822
13.7128959242499
10.4438924549992
23.1358266049684
0.68893992265797
2.51793891784826
14.308156970076
10.7119696036099
23.1478801915759
0.704500377330339
2.65379873732735
14.4830387783029
10.7330840596074
23.2790675718623
0.711235730090854
2.59370692871271
14.4038876745856
10.6724486378511
23.3616643405033
0.713060672151155
2.66127536126525
14.224800500188
10.6911475946527
23.4856993362125
0.733846450112063
2.6834170637564
14.0557450954126
10.7607883920387
23.5593915919474
0.749313186407957
2.66345731513177
14.4002670768611
10.9834841161949
23.7690288599152
0.740203063757698
2.67041618815479
14.8094758326826
10.9838831387415
23.7913829500579
0.744391366358494
2.69945062935606
14.3760092771058
11.1017884956105
23.9720798672967
0.773389848356497
2.74784801321215
14.8394179968069
11.2723392875175
24.0569492996453
0.788022401962734
2.69718630051521
14.7160259429971
11.3064052909417
24.1421463664311
0.799004616804555
2.66346244818411
14.6758401122114
11.4577116842258
24.2891509690069
0.792094841684416
2.7558247126153
14.6911007184894
11.4061999512142
24.3382957524725
0.814162182636202
2.81826811563551
14.615792756448
11.6617931071465
24.4380571387197
0.843477889439736
2.75757892689052
14.5347577155522
11.6027450686067
24.6404074966324
0.836325169298046
2.80263276768332
14.445988771904
11.6705147800756
24.7217463403434
0.846902686857591
2.69797246706417
14.5775289811675
11.5427070793955
24.837663177192
0.867189223750888
2.90376253503343
14.6648967759994
11.8255955085187
24.8239107597762
0.89002029006661
2.93970615933069
14.6321070663667
11.7523753727864
25.0145427247569
0.881764169034629
2.89782531950799
14.1529317957911
12.1142410281871
25.1641475486559
0.889421924915162
2.8027355925659
14.6803490545517
12.3222904884876
25.2090714708635
0.916534847693603
2.89756890243828
14.5730520996593
12.1641518385112
25.3685811298331
0.921660223374417
2.9119083824843
14.7743560594732
12.2402806063847
25.5085575037892
0.94922527895003
3.06354900076702
15.2673664489486
12.4255709475934
25.6181564178048
0.938285376246327
2.98869424594298
15.2451574449509
12.2791795220135
25.6386717366741
0.972685323548346
2.9450907920733
15.2207619154875
12.3494425686373
25.7193285689914
1.0157256766115
3.00592325365722
14.8264726763352
12.438589695174
26.0061864749222
0.995598592488939
3.03536373606742
14.918733447277
12.6658139866229
25.98510783108
1.00659103501653
2.94965618174283
15.315752934482
12.7135878532316
26.1784626355073
0.995278438994651
3.02742327970681
14.5676825111023
12.9106317335262
26.3225480293187
1.02786906177781
3.00192441988481
15.5614688106604
12.8003898765707
26.3681592462308
1.05047918435062
3.08023674988322
15.3035994857047
12.8627420619256
26.431723884566
1.06185957050059
3.10240540368043
15.2420715081502
13.0221468221409
26.6317342457475
1.08114619300263
3.10072652758995
14.8834069675318
13.1434555801664
26.6400642025247
1.09234010311703
3.17321916960468
15.2495734156147
13.0748459975994
26.7019051433887
1.09690701219199
3.07648047731656
14.7877967878161
13.2647174888978
27.0299285139935
1.11829075919262
3.25995765282033
15.3371048908433
13.600369016172
26.9712231286801
1.09672806182724
3.17479281429269
15.0116813648156
13.4698903079551
27.2325234163258
1.13806906577758
3.16875271488978
15.8877244194797
13.644223470944
27.3090898814523
1.14907316959132
3.15097452973719
15.4810834781977
13.7183954682435
27.3802720472066
1.17249740452768
3.29699125576791
15.5377989941158
13.571341592907
27.4981399403902
1.20841976848676
3.26426431346844
15.0834922175724
13.6939643574794
27.6808486078958
1.20708119041771
3.17522278299788
15.8808894645856
13.8213520919352
27.6894431654953
1.20158694513395
3.2693004889795
15.4639811053656
13.8538474419745
27.7870331435924
1.2494540104757
3.27104536317557
14.8573606987101
14.133649259936
27.9662698870286
1.23744336369816
3.38592177185803
15.3686595436701
14.1854295034216
28.0311505350158
1.25630141223334
3.41105322628748
15.1588016166699
14.2026728818754
28.2080914988507
1.26700497776785
3.29654866470752
15.8761889694936
14.149964201727
28.2625165562911
1.29007116395344
3.45486775262778
15.6151057507803
14.3348798530341
28.3674797649546
1.33045821693251
3.38673706888165
15.8320422496455
14.3826635465425
28.6534102339847
1.31102240863861
3.44813024155195
15.4569482004489
14.2666548493533
28.5965772753806
1.324542500918
3.47253159697919
16.0826457106459
14.3650846354405
28.80997951109
1.3622878747957
3.47373571704254
15.7439384679939
14.6721414930912
29.0187321945192
1.36442055170028
3.4365123984426
15.5174772360986
14.8729523906824
28.9675550836964
1.37390606599455
3.50035255272364
15.6953559247702
15.0531557750447
29.2572938569591
1.40801208218185
3.43073471141029
16.1155684319347
14.75406999889
29.3519419317356
1.4364147207965
3.60481650850084
15.9875692527653
15.0845756519541
29.4017014738076
1.45516753147084
3.55002085803514
16.1781518974489
14.9003142657995
29.4383803662557
1.48245208907562
3.73501291025372
16.697079811052
15.232006951033
29.618902716608
1.46120922153437
3.72408839538383
15.2205110245721
15.062326330353
29.7894256289432
1.51614856935498
3.68448060347378
15.3700996405283
15.465169224907
29.8353655593485
1.49523649997506
3.60171109005908
15.9033575500901
15.3990979477541
29.9845836539262
1.53653606045182
3.74033580795219
16.245179667601
15.2087909547578
30.0766470566612
1.54840156827505
3.84048334690608
15.9398125430099
15.6437845567506
30.2608225332142
1.58139332240691
3.70623558998225
16.1607160979447
15.6445640143245
30.3730481448177
1.56676927131748
3.8183086845008
15.91612102
15.656036431771
30.5212061641649
1.62780244927749
3.8221890812309
16.00641233425
15.854969017199
30.5898390999944
1.63271595110718
3.76515944351101
16.6014678123338
15.7410316104348
30.7093363941389
1.66456549937103
3.76077043023519
16.5437735425618
16.1895087463893
30.8354926224335
1.68731668063738
3.96973186259875
16.5031895820241
16.1744296370712
30.9849675639509
1.6802851404494
3.8809219000339
16.074324386819
16.4397067218045
31.1570878939747
1.72624187113992
3.89940818869149
16.6551121681554
16.4190339934692
31.2167504052159
1.67838895106715
4.06803073881035
16.6310815765632
16.441989737628
31.2444666329325
1.73464093410336
4.02680885467753
16.3928553746467
16.4748792056759
31.3921566320704
1.73178374877274
4.05361976817043
16.7976866556218
16.6166190173121
31.4926727721395
1.78829426996375
4.02833543469062
16.842066339783
16.8450226463106
31.8029663364435
1.79894670185927
4.05707641841706
16.6322414096173
16.8437124392718
31.6488921228286
1.82671720372018
4.1161446614166
16.9604038251342
16.9079613730855
31.899010134031
1.84240200757292
4.13742059238725
16.7213625260818
16.9991755977703
32.0115938825722
1.8030397363216
4.14569547448552
17.0793348935921
17.035276579275
32.2353058623952
1.86174730303737
4.27471296845621
16.8228403604295
17.1646663049662
