0
0
0
0
0
28.8398559823867
47.1967587223454
63.3053395284118
91.8528371626491
58.9401741036821
28.728808741026
47.0801333592754
63.1530153982227
91.6492555059652
58.7604352495954
28.6180826976312
46.9627424256849
63.0030725743473
91.4393597361979
58.5809913589107
28.5076275768388
46.8465445306771
62.8500648084389
91.2374825133427
58.4007418621783
28.3974068950741
46.7295738421848
62.7005689744737
91.0223019150783
58.2219731881677
28.2867903346978
46.6133986561848
62.5490917386571
90.8168346908089
58.0455158633574
28.1768087166062
46.498024405153
62.3995710914896
90.6228925161704
57.863716209132
28.0672861693291
46.3804692858387
62.2519295688272
90.4185720831299
57.6851218315522
27.9565609902586
46.2659102120108
62.1007943795271
90.2040611834849
57.5101901750714
27.8478584113954
46.1491907180845
61.9481946131362
90.0093292938082
57.3332573572238
27.739639076759
46.0340724354577
61.7962011096184
89.7844527269744
57.1605118077849
27.6289308321829
45.9195533216816
61.6524791029543
89.61061698474
56.9715692525581
27.5221390675148
45.8024316750019
61.5021052826309
89.3842499784712
56.802186626921
27.4128506599334
45.6903133141509
61.3534446304875
89.1848530446205
56.6269435717857
27.3043813112651
45.575328233573
61.2124753585044
88.9827991444158
56.4477952828048
27.1966483057783
45.4584942944129
61.0501306968051
88.7741791549692
56.2719903957703
27.0910052581268
45.3459260849669
60.9005316294012
88.6094184430206
56.0970847507436
26.9798153183863
45.2292448428702
60.7518480018992
88.3757095669436
55.928002669755
26.8744865127497
45.1157944469706
60.614191872298
88.1553011991423
55.7456241208968
26.7666396771537
45.0031004952822
60.456017264348
87.9674020356906
55.56839370882
26.6620290413032
44.8887382841692
60.3172602322457
87.7492919971854
55.4033036783258
26.5530136744977
44.7743370153732
60.1737060746855
87.5465499912041
55.2314151050431
26.4466437174544
44.6615291224002
60.0162448210077
87.340101360003
55.0566422129639
26.3403020036272
44.5496602433949
59.8814283739447
87.1767312215263
54.8729669697982
26.2338687022888
44.4319561142766
59.7225369291779
86.9726448474856
54.7034309748175
26.1295804816314
44.3177311416638
59.5841169477105
86.7459202580558
54.5271976703215
26.0212438183317
44.201710793694
59.4441744265848
86.5944770341502
54.3544346429377
25.9149928061267
44.092474856343
59.2903605770846
86.3313899656135
54.1700177650521
25.8116917674501
43.9742428053522
59.12805153062
86.1688456185733
54.0154078614352
25.7072331714178
43.8687406048013
58.9946635056657
85.975368074189
53.8496295566343
25.5984645632182
43.7520589772229
58.8487797139035
85.7160756516101
53.6773032054262
25.4992965690439
43.644747531783
58.7031928544609
85.5800366500797
53.4990256588882
25.3907191552766
43.5304762015592
58.558055293118
85.3992653054216
53.3249638174698
25.2907245488615
43.4181040678383
58.3937955174211
85.1726821875448
53.1656590693718
25.1877087126196
43.3054711522895
58.2688607444197
85.0212276309919
52.993316427183
25.0797766793052
43.1971853282428
58.1124151921195
84.7674830478136
52.824122318518
24.9811154040374
43.0765590113426
57.9745545103696
84.5484799939391
52.6571115207542
24.8721939974966
42.9709945487794
57.8457346000851
84.320418747819
52.4706459918448
24.7698864059728
42.8579065170068
57.6843295133312
84.179410036649
52.3247251802525
24.6668577656206
42.7417219873364
57.5443050285496
83.9899240098077
52.1517565938229
24.5694037966804
42.6294756687119
57.3989804614588
83.7855338854773
51.9786901739493
24.4644747423038
42.5244466752998
57.2545634203015
83.6070767104434
51.8104570269278
24.3643629727991
42.4168374189351
57.1226377690295
83.3883027247931
51.6330618539075
24.2579778331853
42.3022611922589
56.9767300698158
83.2484286541279
51.4594665083114
24.1631911368653
42.1900458441983
56.8230426746399
82.9665624616331
51.3049684488092
24.0563010326011
42.0810358518999
56.6687704853204
82.8074035310509
51.1508612071808
23.952642529776
41.9749550566454
56.5347856981414
82.6556018694314
50.9301545268436
23.8539102675065
41.862749057752
56.3776999363323
82.3943739262205
50.8072775447919
23.7552591867308
41.756250128745
56.2458450665667
82.1688020466088
50.6067608406975
23.6531086599211
41.6442535050201
56.1050242678829
82.0227570011174
50.4628395800347
23.5524118433953
41.535788413956
55.9665533347212
81.8392621248909
50.3200289068789
23.4497051029159
41.4241395215138
55.8306142615658
81.6497622013564
50.1292463667279
23.3539165082951
41.3129265700439
55.6783173343138
81.4191180786138
49.9778883073012
23.2537031933082
41.202860362978
55.5586010447444
81.2062691381913
49.796220496333
23.1522611233526
41.0939358322899
55.3879340402893
80.9895006450935
49.6383999884244
23.0517592377426
40.9846728786944
55.2654291498349
80.8456919074836
49.4488499733131
22.9586028737568
40.8789076474869
55.114847890258
80.6959704512368
49.3170040663083
22.8490856662523
40.7718864604367
54.9567155222654
80.4752043005515
49.1361768092689
22.7522634910217
40.6628257652973
54.851470331049
80.2884199346908
48.981806584244
22.6597081383415
40.5475679458721
54.694831078321
80.12285234954
48.8167438870088
22.5596218582644
40.4369451595545
54.5400610314242
80.0058925900509
48.667534112949
22.4620786861073
40.3313863535936
54.4203634017349
79.7273827991335
48.4850140278778
22.3650899301616
40.2249343141817
54.2708788808461
79.5212163994103
48.3443373929985
22.2661942771877
40.1230023500669
54.1239119506659
79.2969559606497
48.138594391534
22.1654965133859
40.0164469352593
53.9870236981088
79.1221225753252
47.9961172682637
22.063566466154
39.898969496298
53.8553451984184
78.9485193235837
47.8198349802187
21.9714957962823
39.8054830373036
53.7030820450141
78.8338848270092
47.670090157635
21.8812402185738
39.6935068656806
53.6118468721893
78.6828012616407
47.5121537237462
21.780208141489
39.5755210801972
53.4532039439769
78.4354377581998
47.3797776792846
21.6829242001437
39.4728918726775
53.2738315172763
78.2334958313262
47.1835239396452
21.5910059981449
39.3650176324548
53.1829184705969
78.0143267926753
47.0520434365291
21.4886014115323
39.2696364621012
53.028160747856
77.8461616187788
46.8956462769762
21.3897300720233
39.147938535467
52.8801341172274
77.5576762850504
46.7057525427265
21.2969775148505
39.0553327401297
52.7564145615634
77.5042932528418
46.5477266783751
21.2067200026246
38.9505110160814
52.6000529923619
77.2077937804234
46.3992480992837
21.1068026152685
38.8301105572647
52.475061241604
77.0592165671292
46.2460082553568
21.0212909304088
38.7420292588842
52.3204767033689
76.9477385167219
46.0472829844561
20.9208575828024
38.6176492528308
52.2300179881086
76.8443552940386
45.9537253820164
20.8228669310939
38.5165658638355
52.0640015585205
76.5310627098995
45.7349159770109
20.7351318062971
38.414067928179
51.9513057402661
76.4086985196636
45.6100157639456
20.6372249948583
38.3124521815902
51.8020410333259
76.0663287834634
45.398789194567
20.544819515446
38.2170646806662
51.6567747604919
75.8689863782384
45.3017721376564
20.4553072299067
38.1070285301123
51.5303852333703
75.8708750038168
45.1679720303006
20.3510553913769
37.9936148364909
51.3896014227835
75.556015555948
44.97626930726
20.2598276775193
37.8932241802658
51.2366154264161
75.3521283790276
44.8255564444982
20.1703735504256
37.7918601418613
51.0588793484562
75.2812933507655
44.6777582394935
20.0854042198741
37.6908359507799
50.95179182131
75.025847197867
44.518091129446
19.9840515846968
37.5842186724637
50.8005834195074
74.8221431013879
44.3463207445562
19.8904836806193
37.4700553129006
50.7275643022225
74.6147692678009
44.2199602094989
19.7936279862736
37.3765524447447
50.5316492501309
74.5226892506373
44.0480534726517
19.7076071469575
37.2668367990069
50.4309471972944
74.4652721716943
43.9188520796614
19.6196601172838
37.1593020935197
50.29678723047
74.1550911800919
43.7487468888436
19.5219693522337
37.0694866689353
50.1519815643431
73.9720701383654
43.5965708620442
19.4370275575873
36.9542252070397
50.0269421566413
73.7472339486215
43.4480545150693
19.3402162673768
36.8584872061254
49.91744683514
73.4717092295434
43.2530473053777
19.248986405195
36.7509838000759
49.7580377444104
73.3993746603488
43.1256169973297
19.1590422584111
36.6368476260364
49.6315860492148
73.2254135802775
42.920020673899
19.062696026462
36.5541088116081
49.5207492365135
73.0464347138528
42.7889889177708
18.9792820212583
36.4509131503091
49.3454739183628
72.8946903159717
42.6833007278856
18.8877864217612
36.3203055273175
49.2952255176696
72.5760531218017
42.4826632576556
18.8024900178564
36.2516204418674
49.063627885772
72.5672965186765
42.3216103111257
18.7095711541584
36.1320108090249
48.9777833935799
72.3224911550002
42.2327273533935
18.6215235639565
36.0174374340849
48.8231889973766
72.1274146527528
42.0475538490513
18.5313596657739
35.9293718135781
48.7043289353886
71.9516952028155
41.8891804405504
18.4390123626586
35.8346192219978
48.5782878498423
71.7693197051512
41.7294703517765
18.3536635236341
35.7153750366926
48.4145790571062
71.5749198742775
41.6164776056938
18.2580575481885
35.6285640467418
48.2957361341594
71.3007918656291
41.4178995713835
18.1788103677488
35.5213943929239
48.1524488909047
71.3716053967655
41.3114425284291
18.0877491176444
35.4126844979432
48.0346585169743
71.0607127843475
41.1436969777575
18.0041307863012
35.3267723282245
47.9510847691284
70.8665319532186
41.0045158895593
17.9191546894629
35.2144100660911
47.7963013032184
70.6502435262864
40.8048839401406
17.8173951858476
35.1097051194097
47.6530330895618
70.6150707627319
40.6976338448405
17.7322716603389
35.0158057023618
47.5646129641368
70.303989978749
40.536311089547
17.6397870803141
34.925284947825
47.3400626338324
70.1641752563462
40.4076925372441
17.5609588966046
34.8096287056276
47.2612727686616
70.0715011832491
40.2320868313889
17.4801754120647
34.7174211402751
47.0969678806567
69.7532870457859
40.1256127100772
17.3896203876174
34.6078188897996
47.0196813048027
69.7022214438175
39.9411221617693
17.305689603189
34.5116063681387
46.8497059540139
69.4130097107457
39.8262171383597
17.2188760029865
34.4129028660158
46.7602845995735
69.2754611616958
39.6536514040983
17.1268314580842
34.3215069059055
46.5808732029514
69.1343619683165
39.5279613804241
17.0623633195225
34.2132094252503
46.4863058940942
68.9987255368038
39.392940164692
16.9577752544166
34.1114717147479
46.3689510385525
68.6982125130049
39.2404661698064
16.8794765798946
34.0178289762078
46.216568152774
68.6984838419395
39.0861065740814
16.7914761788579
33.9208315452654
46.0690628650177
68.432137409575
38.9728083327249
16.7168970974455
33.827536251841
45.9615145439125
68.2763448143557
38.7901316920684
16.6194659645253
33.726343039978
45.881914622122
68.2296512515356
38.6840107361833
16.5352448626165
33.6172139859594
45.7493674019342
67.9977512061126
38.5104545556871
16.4536449247214
33.5425879034807
45.6117135277299
67.8304771107278
38.3915931853746
16.3700628018171
33.4231045952554
45.4361539637101
67.7088568819418
38.2196206347025
16.295169031487
33.3352428467908
45.3687063831434
67.498613250609
38.0760016986629
16.2037959421349
33.2256314651211
45.1559784835542
67.1197356216786
37.9190607055627
16.1278531307623
33.1180853478999
45.0992401445767
67.1171149097915
37.7889864830744
16.0457361623793
33.0125422483044
44.9575183877702
66.9044406295761
37.6396681120694
15.954177451485
32.9208050083048
44.83070172971
66.6100190801235
37.4910761301583
15.8745574225222
32.8374364387121
44.6605708561323
66.6146589384547
37.3942485194659
15.795184418033
32.7254590334342
44.5398492413521
66.3271724180366
37.1620742733404
15.706154758308
32.6232853183852
44.3895384119494
66.293041216869
37.0876405222281
15.6255585722536
32.5397095711917
44.3287568105444
66.0272595609095
36.9112719177997
15.5403950650493
32.4577887314656
44.1789833225754
65.9030460174151
36.7998508711574
15.4714909146345
32.3536501875196
44.0853969015581
65.623706480505
36.6820264482047
15.3919763833938
32.2583258633051
43.9359648180844
65.6230809508557
36.5441944066686
15.3068642248731
32.1467401750665
43.803033230892
65.5613858016257
36.3729158141107
15.2224720396064
32.0702703567013
43.6927949460496
65.2811158172296
36.214274686864
15.1397420659333
31.961299117642
43.587762219229
65.0316714379158
36.1370889741102
15.0580774025384
31.8762978230879
43.4593486848826
64.916502192345
35.9809714691218
14.9797176494086
31.7670981553836
43.3112033338589
64.9094220188582
35.8317604093651
14.9047044257177
31.6766964552669
43.1833063545787
64.5062523456426
35.5851345184077
14.8220283494653
31.6010517719214
43.0575699593588
64.2317782093544
35.4932472696148
14.7359703704246
31.4832564283054
42.9762958739275
64.0634544225473
35.3965517119073
14.6658915354437
31.4043460778944
42.7689540261555
64.0415715935125
35.2522242383148
14.5815914934994
31.3061406972777
42.7552530331627
63.8956440064649
35.1854410542435
14.518155419738
31.200031818456
42.5703173827843
63.7338663863189
34.9960092577879
14.4255601901526
31.1193043836431
42.442833138876
63.4564303807771
34.8263601259056
14.356007356681
31.0250953375249
42.3340986317256
63.5355434581085
34.7030212609924
14.2697709082974
30.9292576798529
42.1468655249036
63.099183909859
34.5295291059977
14.2071440183836
30.8213377760079
42.067322773403
62.9771086410195
34.4275707591165
14.1210623018071
30.7414779850302
41.9222021541602
62.7749863609131
34.2739084622549
14.0325457112809
30.6272148665032
41.773994278369
62.5993772215662
34.1394723688731
13.9580384320589
30.5386025096619
41.6625258300927
62.6240192547227
34.0462869293317
13.88709398313
30.4551735695899
41.5709016807526
62.3657760673893
33.8910348048141
13.8103559751426
30.3462475610569
41.4796351753783
62.2605846618427
33.7898587272969
13.7316794470535
30.2760439669624
41.3781985630392
61.8842044735427
33.6075220254257
13.6434877440765
30.159221183946
41.1726725358938
61.8808659833973
33.4407979270287
13.5751785694244
30.0836871081404
41.0854743923819
61.7271387367528
33.4164768806802
13.4969576882494
29.9792371232618
41.034252402963
61.6388942400639
33.282177046829
13.4203421602267
29.8820349654752
40.8823161448855
61.3432705705353
33.0721928596384
13.3515296281103
29.809785954754
40.7097786666208
61.267219750103
32.9848166392934
13.2653598048259
29.7007291693913
40.6637121535536
61.1033768488808
32.7878102701102
13.2010158970812
29.5947854522158
40.5503065002066
60.9397159254317
32.6443885056023
13.1336976250941
29.5369381646014
40.414374117354
60.7329557960038
32.5552247120623
13.0596180939283
29.4316751992178
40.2756322281914
60.6448947785727
32.4222113994124
12.9818802203703
29.3534965990539
40.1908246532145
60.6377439156227
32.293970823023
12.9031309275771
29.2477227538979
40.0080426434807
60.160914867771
32.1628854082177
12.8300609776552
29.1449322041093
39.8912226195915
60.1370723962894
32.0284668907475
12.7613161088649
29.0572388191917
39.7638722790517
60.0751962895786
31.9019085916743
12.6811045643477
28.9413351550486
39.6626551739495
59.7530177651785
31.7768094479908
12.6098095494451
28.882500800026
39.5852685376798
59.7302760826943
31.664818657568
12.5327551412445
28.7884860928664
39.477574107068
59.5511383452728
31.5137288307338
12.4554641532099
28.6903479353922
39.3372220461966
59.3870540759448
31.3337833747137
12.3800571748559
28.5982139185342
39.1866625278771
59.2206821752967
31.2687905312686
12.3255884625607
28.5189286338257
39.0715629136641
58.8806283624594
31.1101375320598
12.2454271704155
28.4216560605398
38.9268026232574
58.8497196045212
30.9994906071973
12.1753497247555
28.3039624591163
38.8407323105244
58.4656168363089
30.9181987640294
12.1085302139157
28.2444297177549
38.7338402586298
58.616215720762
30.7831769110887
12.0237177132858
28.1610108866532
38.6586160941192
58.4650385136012
30.5673134995251
11.9567187120871
28.0467878649772
38.498443544466
58.2822132464017
30.5067015621606
11.8853059795071
27.9630133032222
38.4350119872836
58.0497239023756
30.272160628602
11.8035096867683
27.8819419415636
38.2470768603671
57.9400167526465
30.2120028797346
11.7458359846549
27.7978280040568
38.1369115081273
57.7108501868049
30.0186995744345
11.6795603562741
27.7318683238904
38.0479526707124
57.5489908018736
29.9463060946829
11.595187215489
27.5921817054989
37.9457945079337
57.2979897439905
29.8725088605817
11.526270975102
27.4952115329791
37.8349119063055
57.320747896589
29.7119007062809
11.4758844349815
27.4377229887548
37.6176525077927
57.0543698046769
29.5893289434703
11.3957509283362
27.3678847829701
37.6097970922602
56.9789732997543
29.4156235879304
11.3102563060336
27.2450193014872
37.4944522776838
56.7964355800001
29.3120556299826
11.2515662253636
27.1835970098099
37.3772588672107
56.8992475789034
29.1896205160211
11.1853596304464
27.0804257966224
37.1906649288467
56.3526358979673
29.0936329303664
11.1128086475671
26.9857248671027
37.0928098207316
56.4728831938787
28.9562734600581
11.0399352541418
26.9003777508683
36.9215030938244
56.334312951882
28.89936181997
10.9670206547356
26.8031079111505
36.8306216776772
56.1496886990166
28.7239188913448
10.8990304872446
26.7329712375514
36.7842928302341
55.9361934798989
28.5830442782997
10.8536173966935
26.6674481396031
36.6945541162294
55.7518197160871
28.464066201321
10.7646401859923
26.5596766916641
36.5333865092894
55.3045885356264
28.2835765595979
10.708122847072
26.4373616022235
36.4013881559375
55.4219825234386
28.1711961875078
10.6273806703811
26.3568967687235
36.327107247715
55.369639865944
28.1263476027103
10.5582113495301
26.2965438944271
36.1085984480367
55.2747852174241
27.9667717224886
10.4980513741113
26.2045099908495
36.1038428165519
54.8637155326416
27.8548990642245
10.4364344338417
26.108722545185
35.9005588962057
54.6965310891469
27.7609432914981
10.3617392587434
26.0242366037215
35.8318815178165
54.6012183270785
27.5191064284251
10.2991401545381
25.9496254568271
35.7263204973962
54.2628711442908
27.4398692002015
10.2399429193688
25.8578181130593
35.5616258345097
54.4876948978767
27.3408730981914
10.1728379043739
25.7812985651664
35.5192439253277
54.228665320763
27.142210710168
10.1043441990331
25.6769359020241
35.382694732308
54.1264536847831
27.1137617149545
10.045574517193
25.5897036121508
35.2682630102445
53.8958694626528
26.9690561995157
9.97844390372857
25.5166196460784
35.1178155388656
53.6959688215219
26.9012998685146
9.89726160033042
25.4183062854903
35.0707387032786
53.623572321388
26.7667799942908
9.8543512513017
25.3300871442098
35.0078565368143
53.5631397554079
26.6179757957955
9.78147138716333
25.2733911120737
34.8397561141313
53.4613930040109
26.507389836478
9.72025608160784
25.181002515033
34.7201890429676
53.149174365467
26.3524047253538
9.65483865973484
25.0562984935622
34.5817068197021
52.8967905159976
26.2452864698185
9.5812972527222
25.0000173043966
34.5093507773859
53.0715376498796
26.1850953433813
9.52138366098805
24.9318929729861
34.4162436716841
52.8678323527131
26.0779349346406
9.46442992816848
24.8263548054525
34.2466551026313
52.2772782209201
25.9305355746391
9.39369169954088
24.7484110708199
34.2278074700656
52.3488905040052
25.7873417867186
9.33603696919517
24.6603813190796
34.0623894536336
52.2847337452526
25.7191209777054
9.27704940866666
24.567426027527
34.0416260535733
52.306217316501
25.5436586090464
9.20792501269361
24.5197198120011
33.8341463997731
52.24945961219
25.4466070471811
9.14794799313984
24.3978562692826
33.6789263982537
51.9678553676866
25.3383927719487
9.07674197044166
24.3140609240871
33.5977992105658
51.6438216811019
25.20463409022
9.03086785078475
24.2449944994287
33.579616929098
51.7561157484064
25.1193728472049
8.96909487083856
24.1624478589855
33.39242034777
51.1878879949054
24.9739090493302
8.90236300638748
24.0937046803773
33.3336077407297
51.0136398652357
24.8879918685364
8.83554584174398
23.995452877231
33.2528011156221
51.0567729947216
24.8421112046823
8.76773603313897
23.9281036553635
33.0781210501804
50.9554439592893
24.5801462004145
8.69386187399205
23.8254225450699
32.9948701024397
50.7671474394797
24.4801502495448
8.65314932291126
23.7103401912865
32.7733813932422
50.884592407833
24.4993453978668
8.5951083535334
23.660443028822
32.695798136085
50.2407734036369
24.3365131064027
8.54387909094222
23.5951254884991
32.6093016128893
50.5393190206227
24.191806873476
8.48444512580636
23.4971185488941
32.5045995347126
50.107248646388
24.0325533895552
8.41287565301341
23.4154279562144
32.4637304216706
50.1541800581001
23.9790497773525
8.35004791534181
23.3609502298461
32.3610520663622
50.0326219582681
23.8545963022307
8.29845343988111
23.2447036496766
32.237077926604
49.7131002400016
23.7136024635337
8.22999871812886
23.1874602575045
32.1884272854484
49.6736643551908
23.6809341024304
8.1820960566215
23.0955732041303
32.0148374517246
49.4108850377381
23.5051399445606
8.11761165314915
23.0169350927413
31.9630758801919
49.1878722401268
23.4148574530091
8.06489515555937
22.9267279321772
31.8688545258457
49.2116311201366
23.3044825686109
8.00485688686009
22.8447890758851
31.7517997550836
49.0673947699944
23.2162697760942
7.93636697886088
22.7427445157512
31.6490414866657
48.883274703571
23.0823392806828
7.89246847869566
22.6839660930492
31.4194132147652
48.9314511172786
22.9242197595659
7.8267318341681
22.6102626769067
31.3464630501218
48.8566874011469
22.8183332876055
7.76483494743839
22.544654328973
31.265202470734
48.4760809843189
22.712065653018
7.70757544024144
22.3929843124973
31.260381985742
48.4099996799381
22.6358692876238
7.65487302782703
22.3643446760614
31.074139861547
48.3041830933407
22.5374512300639
7.59187076257385
22.3078954569023
30.9633110033137
48.0446797421491
22.4117605556179
7.553314174088
22.2186373252932
30.8830169669398
48.0573776762579
22.2679556854268
7.47291980214741
22.1165343671108
30.756842720635
47.6370710750611
22.1602073196964
7.42532901759555
22.0348203618234
30.6268115356149
47.9141020889725
22.0825729381828
7.37636336624357
21.9600367521127
30.5663754892671
47.5400199449361
22.0327202988283
7.30920440088099
21.9224829792811
30.367875576277
47.4762070948612
21.8550349357707
7.27526413132608
21.7748106653077
30.3542244612376
47.2877632455289
21.7125701719113
7.21271468630983
21.7325804390025
30.1879246225026
47.1985240045703
21.6999203150352
7.14638874506606
21.6796118764002
30.173780011184
46.9854271030336
21.4748719293802
7.10231191797929
21.5678397129624
30.0903026987261
47.1717574504719
21.4324659951776
7.02708315275341
21.4983070551406
29.9937807722906
46.7284412530947
21.2377722040774
6.98825232167682
21.3780673095265
29.8518892127942
46.6426764607197
21.2436905593128
6.93328708687764
21.3066827243374
29.7517148302683
46.5381675308807
21.1402605452117
6.87426439436131
21.2474203846365
29.6042249539776
46.3146357775902
21.029140922956
6.82875294556046
21.1923773693794
29.6096118472361
46.169886649783
20.8815942195949
6.76346568332104
21.1191019594261
29.3847212185375
45.99483952711
20.7448989708872
6.71190557706604
21.0159702853874
29.4320080456914
45.831844826557
20.7048294149386
6.65309990876968
20.9383980413616
29.2906433938662
45.6980252829237
20.5990261590708
6.6187758154904
20.8786598188725
29.2318198391413
45.9334317566787
20.4700012200093
6.55260808608374
20.7758334796376
28.9852170743098
45.7684291025618
20.354637219042
6.50000839113547
20.708346811389
28.9126247537422
45.3109620916504
20.2514536472872
6.45305902899524
20.6263798542534
28.8907010822513
45.1964744292905
20.2165903995226
6.39364348905109
20.5996425699837
28.7574316180843
45.0786422526505
20.101521228905
6.34161863016977
20.4857445380723
28.5781655142622
45.1259389820249
20.0087336392534
6.29638675088716
20.415581652604
28.6409745882073
44.9102566943731
19.8426800448957
6.23239360500594
20.3454500790893
28.5031249604869
44.821877446029
19.8242752946237
6.1859802224395
20.258556512987
28.2401065215191
44.6480318831192
19.6527408990273
6.13394716610035
20.1717473669369
28.1693709501081
44.5712713239944
19.570687784127
6.06870701462889
20.0910093161612
28.1161051143001
44.4149456866551
19.4375343388385
6.0349605737135
20.0074263477124
28.0528727623186
44.3274696260857
19.3227387759509
5.98065158791507
19.937826897892
27.9836434740585
44.1992440695751
19.2936987514406
5.94304458848898
19.8643232380954
27.9044761774037
44.1217778431072
19.190705282438
5.90325879158445
19.7731075137646
27.7554145940432
43.813321186148
18.9497558941131
5.84428518280244
19.6946700434338
27.6474209151039
43.6035280213724
18.8930308506342
5.78265013223587
19.6506615397591
27.5670837008416
43.4629135632
18.8091860798735
5.73100219450647
19.5504931263721
27.4731873348198
43.5346559818631
18.7806292468684
5.69663237732923
19.5078891064593
27.4075643034194
43.7250816691854
18.6673318500846
5.63397237017373
19.4337346506254
27.1680409962167
43.3423217167669
18.5686560679431
5.5947152836406
19.3390063407531
27.1574882702465
42.8900982916372
18.4184488162497
5.54234898134392
19.2553324259796
27.0595971926158
43.1560138409757
18.3140234246599
5.49805884027075
19.1945324974345
26.9643296224951
42.354306573726
18.2545287203187
5.43249492778478
19.1235609549289
26.8468608307487
42.4339381208987
18.1578060877599
5.39321548037145
19.049527048207
26.6958240694819
42.6837646487114
18.0751902326653
5.36372037909635
18.9702302389334
26.7645894551125
42.3004173172934
18.0362003624542
5.30812606141299
18.9345825032205
26.5849215554559
41.9674260472165
17.8516256858263
5.26438356059848
18.7997474172322
26.4344875900793
42.2181597911083
17.8586305916456
5.21658746581798
18.7801720277413
26.4202367634788
41.8553277993977
17.6912975550578
5.16125536516168
18.6989353849314
26.3219742773079
41.7273311553198
17.5682679592512
5.11715445870782
18.602138605171
26.1729436898071
42.2535377154513
17.4792214067683
5.07497909353089
18.5327779084609
26.0776306224025
42.0144528018435
17.3622925242773
5.02617448292277
18.443658909817
26.0215267531817
41.8056247371308
17.2880138313551
4.97892788540596
18.4072150339586
25.9540926183743
41.5204471279876
17.2168214271636
4.94893488835863
18.3212146749907
25.6959717352416
41.161490479213
17.1294934731148
4.88113126523313
18.2482614971553
25.7172216549944
41.1987078976859
17.095728816538
4.84123466881843
18.1622893116464
25.6771140126284
40.9018844513296
16.9319082279179
4.79308082638856
18.1036219439185
25.4742387306355
41.0289048072796
16.8744098073853
4.75335415807311
18.0416368602173
25.3724730794411
40.8118394555076
16.724618025109
4.70508301122056
17.948532804831
25.3895094490311
40.5534519479842
16.6241154958245
4.65604076757782
17.8584401950565
25.2066555859665
40.4788186760815
16.5551825960319
4.61317606221406
17.8103930997922
25.1709103384984
40.273996801813
16.4545751636307
4.57366897429032
17.7229504466326
25.0459043161412
40.2630241989006
16.341385822992
4.52030132525382
17.6517833128507
24.8792144156175
40.2947795220323
16.2945993530467
4.49841126559675
17.6082360307885
24.9434769196175
39.9538713619054
16.1963824097997
4.43586605263294
17.5343715249702
24.8135848035945
40.1607342686645
16.0838738905919
4.40072705632361
17.4549156348575
24.8201224619777
39.859087540214
15.9327977443408
4.36769607586358
17.3679707487739
24.6774801019074
40.0218109934645
15.9138531945347
4.30904247760066
17.3168958597584
24.4825968118282
39.3478493684719
15.8464749205745
4.27704945650751
17.2399487796407
24.4634980250523
39.3597728157573
15.7284987319631
4.23084264550742
17.1658177460065
24.2920406240412
39.521617448532
15.5864335597966
4.17800615494335
17.1172913740793
24.3009784905624
39.1520702047909
15.5714984228888
4.13593166423761
17.0432202576251
24.1921113266468
39.0187798622799
15.4791170978827
4.10587098370467
16.9592600277059
24.1648033370458
38.9001069905279
15.33806842027
4.05312636659642
16.8901139851461
24.025593417102
38.6677701321648
15.253835688173
4.02163734860212
16.8342689388625
23.8196064784842
38.7829110877399
15.1111625554868
3.97895804314706
16.6977292864248
23.7863643337517
38.6169001483755
15.076485827607
3.94100030275888
16.6801088488054
23.6966738045292
38.3591998697416
15.0380533326788
3.89842627255681
16.5965455310304
23.6285030380211
38.2950337250493
14.8952574211968
3.8600179141308
16.567984680008
23.4718108840933
38.377838081325
14.8358114246054
3.81375295498795
16.4821893267452
23.4190900706722
37.8555368580998
14.8420057278345
3.77507688299241
16.4280750257458
23.3291762901071
37.9257134638125
14.5969394952416
3.74543120331129
16.3595448485335
23.2382656274413
38.025000568592
14.6348694928864
3.7005230435824
16.2691689971632
23.2864902694409
37.7226749463762
14.4524524697613
3.65995610895597
16.2433661721157
23.0414987215297
37.6764101373297
14.4549981251605
3.61789503169436
16.1296479721703
23.0098080843463
37.4158711511008
14.3249566641209
3.57930376724513
16.0815978838475
22.8342419525043
37.6565765519008
14.2276841687735
3.5424902594078
16.0085247496662
22.8467364475538
37.2672283885957
14.1440313472743
3.50500464540837
15.9428252813463
22.6763083587663
37.2258300960185
14.102802340027
3.47728401282374
15.87204455877
22.5107171965868
37.2497319022056
14.0267089095791
3.41664681500427
15.7946858946181
22.5074733988417
36.8469602244358
13.8822115337576
3.38855495729331
15.7517892141927
22.4446514794459
36.7682443748914
13.8300910674434
3.36489783824563
15.6923423705037
22.3900793646778
36.8353544234829
13.7176300270587
3.32088818567083
15.5469220554165
22.2998261584438
36.4330096486305
13.6081307183731
3.27467511075018
15.5257417311923
22.1809050197152
36.4170224398581
13.5544635001516
3.22786082531274
15.4924551545401
22.0960571321502
36.5279436167813
13.4186605624751
3.20301963709065
15.3957275083735
21.9853526952667
36.5709187169794
13.4015836230308
3.1542466400557
15.3257156038924
22.0035330069884
36.2151498120448
13.337449823196
3.12862442483138
15.2429409259276
21.8709216758096
36.0439360938864
13.2246303063585
3.09647246106509
15.1909147793592
21.7334839483807
35.8829402214165
13.1995559553583
3.06515172890504
15.1394854696501
21.715409246359
36.2185764230136
13.0205166962008
3.02269886429688
15.0757922276326
21.5677812596812
35.869440167113
13.0350083640275
3.00165431962495
14.9895506768797
21.5121428262555
35.589304890572
12.8595955260289
2.94626124060391
14.938663764502
21.2744244253112
35.3591629749393
12.8095547804313
2.90952581305922
14.8875239090585
21.3089579330263
35.5574817144119
12.7716376004683
2.89514541844468
14.8281503977802
21.2565067169256
35.5082029118385
12.6696071251317
2.84403548959334
14.7300422839928
21.1988695549836
35.396885422773
12.5827689218928
2.80599767729676
14.6676115053856
20.9390843864827
35.0669435187514
12.4996434651554
2.77170375384111
14.6468159770533
20.9513144779488
34.7426467478312
12.419727298266
2.76159782664021
14.5436353093682
20.8932616099836
34.8670226466177
12.2931862841686
2.71679700748443
14.5132464641538
20.849962023974
34.7590792967144
12.2913688381212
2.67735330436879
14.4065049847041
20.7823082628621
34.5165919972154
12.1795648262892
2.63795830734148
14.3587354461507
20.6927375652864
34.5497686694756
12.0625668482889
2.61141695025098
14.278894213585
20.5286205263412
34.5862248879364
11.9816087542451
2.57924918640008
14.2509696256303
20.3734420501916
34.0052115511714
11.9624507109602
2.55218203699289
14.160291601758
20.408065885747
34.2136077985421
11.9156457748234
2.51177736298581
14.0963952547605
20.3205720992499
34.1537112940005
11.7644416836677
2.48814229027565
14.074189145505
20.2825593543269
33.8555181026171
11.6965780454886
2.4451372503707
13.9245213170867
20.173993778712
33.9648238930732
11.6194940592848
2.4193150276095
13.9250043580351
20.1561868379693
33.867305240161
11.5680296038603
2.38562791664144
13.8347715374925
20.0460418293606
33.7710000957563
11.4472277518936
2.35283804109994
13.7595860619179
19.8799885398656
33.2428980232547
11.3727653568221
2.32743648513418
13.6773952439724
19.7928646944289
33.5619909909194
11.2815484019404
2.29980158028297
13.6769092334727
19.7465927976384
33.3611177471402
11.2985297849685
2.25672615832383
13.6388428910987
19.6431929559441
33.4322614542222
11.1237159026667
2.24072507433094
13.5259127901545
19.5820333134409
33.1670487122739
11.0795266427537
2.20857168944449
13.4722901081341
19.5289402523344
32.8314499958973
11.0844305471064
2.16847137428425
13.4190101814932
19.4270767372328
32.9231085544074
10.9781965657989
2.13882902127161
13.3833463732939
19.286235965261
32.6412468061561
10.8217438602581
2.1086086408297
13.2457590198486
19.258054551053
32.7637180119492
10.8234395195187
2.08011287284187
13.2315811363813
19.0486724980738
32.4959308489255
10.7314564567979
2.05869480887356
13.1675952840887
19.1802878959656
32.7738282797655
10.6372133964268
2.02326236005815
13.0896940713359
19.0017559603508
32.4401992450247
10.5657994646775
1.99804931707602
13.0689961244414
19.0359599489038
32.3810047488132
10.5607694221107
1.97302590124023
12.9577028064214
18.8634694229811
32.2794769547318
10.4889752791652
1.93969641101536
12.934406868513
18.8613167067384
32.1261890810564
10.4092011489346
1.91253652276597
12.8741929394044
18.7655501080547
31.7708999422998
10.3146883598593
1.88775689366809
12.7791948113232
18.57885497104
31.7783400914379
10.1410611659793
1.84682588964132
12.7416875689614
18.5630463420302
31.6647927177621
10.1622739630605
1.82512268250798
12.6796374485347
18.4550850657625
31.7435406006236
10.0587895481968
1.78937751854058
12.5893564886693
18.4693116908482
31.5260666198909
10.0130293976263
1.77951269980369
12.5424059496886
18.4251848446902
31.5726542618763
9.88841615986776
1.73899001564543
12.4988655927278
18.2060386872693
31.4408972422533
9.92464595159529
1.71735815903275
12.4382182061163
18.2433635761349
31.2728797593521
9.76061057989032
1.69226237945472
12.4027996453248
18.0624352394996
31.243893077553
9.7419834251423
1.65917333406868
12.3531816248531
18.0169501683114
31.1954695015029
9.63142337004713
1.64077075576899
12.292797561365
17.8798897110313
31.1293629367353
9.61992641558989
1.61112660516002
12.2278018683904
17.787345794861
31.071041957234
9.50743187586132
1.59195210160115
12.1410649343855
17.8279259334523
30.8210104368759
9.50526264741265
1.56338826705505
12.0935678120738
17.687474832481
30.91773667094
9.42955902102918
1.53849733270115
12.0634270145304
17.6637276962954
30.6246521762085
9.32651470271163
1.50921802922853
11.9900950337047
17.4294786643806
30.4907002582847
9.282912718512
1.49291547883999
11.9058054060808
17.5161166387892
30.4292406492053
9.19376085826071
1.46169147051862
11.8661076355484
17.4822711796366
30.3687587426985
9.1548466028166
1.44738645646233
11.7801189906578
17.3686202858927
30.083668851675
9.02689900856845
1.41438540450135
11.7464916578696
17.240690303636
30.2611700652017
9.04996573966563
1.397668959448
11.6856979000428
17.2182079412493
29.9964611057623
8.912591564473
1.37785488191494
11.6368134626143
17.0940020849886
29.7597386217228
8.84606651445701
1.34295060791473
11.5700192550147
16.867337774898
29.9264528106386
8.76708855218741
1.31866914813942
11.4933204380528
16.9006909821296
29.5130554788358
8.72344297176047
1.30510314864797
11.4516284591168
16.8014948540868
29.667294105469
8.62843709472162
1.27192175191623
11.3933562518106
16.728204122678
29.6414839539357
8.63304586190567
1.25208248022515
11.3476818799363
16.5420438854819
29.507268623751
8.59970528039425
1.2274957635673
11.2996273433074
16.6376200370366
29.5908819014803
8.47744347203047
1.21683672828661
11.2439717435013
16.5086425465993
29.4643726071416
8.41531863432145
1.18264563613981
11.1818087234385
16.5061461835658
28.9370866453068
8.30599065489973
1.1572881566178
11.1226607567605
16.3521932363755
28.9612477195445
8.27563767665245
1.14437104601041
11.0726759274322
16.3874355484697
29.0573890151107
8.22367416784654
1.11734698171362
10.9787070192336
16.3316212502278
28.9493819600962
8.17421786986204
1.09450782839669
10.9246337023784
16.2161695004598
28.6016443305145
8.08492431718028
1.0778109945079
10.9180213262746
16.041879396379
28.7539424592761
8.09077754193107
1.06687093873873
10.8506607414061
16.0670659868388
28.3533684537292
7.94109079108955
1.0414180408455
10.7890524935882
15.9631854535901
28.3368109108018
7.90739149630231
1.00908886323215
10.7534311791836
15.9545782083388
28.317716425385
7.91307702815001
1.00512787310371
10.6591287044981
15.7934301943654
28.447113264141
7.78890404701131
0.979620903888399
10.6327215226605
15.7865705246834
28.535266968247
7.71639745544155
0.967301218836675
10.5393823802693
15.7274859194749
28.6483434823614
7.6812992488447
0.940264633009725
10.4994611589196
15.5258439941636
28.2985298354784
7.65537024634457
0.922539638878452
10.4841410897528
15.5524409377333
27.9722153694148
7.5402048779399
0.901036047671808
10.4218342264001
15.5058113118849
27.9114019715405
7.46626753932047
0.876716792339378
10.3252627576183
15.4788399543813
28.1775919761546
7.46943498027298
0.866671467744673
10.2587683134829
15.2827130467686
27.4891292900033
7.43372559807377
0.850277742618333
10.2531917132744
15.2754873903961
27.7710737762308
7.31586800117339
0.829704762948883
10.1974732770648
15.2228914862619
27.8276132254096
7.29754071772005
0.814043627646954
10.1528389778583
15.0873198275358
27.4141297446791
7.14599813349546
0.799666458543685
10.0663833447983
15.0599583320912
27.1830284890971
7.07382847476444
0.774224462292367
10.0166352799856
15.0310581970387
27.2479608266831
7.1135552110651
0.755686661706885
9.97193940558285
14.900274860191
27.346395233087
6.98052130771339
0.742404662211201
9.92501185944953
14.8106670282917
26.9742437501515
6.95792444131453
0.724680096831423
9.84942292366078
14.7627984587622
27.0566409648683
6.86130182829125
0.703013293313476
9.81072471916171
14.748596808968
26.7684318511428
6.83364474457314
0.687253213920229
9.7696105061603
14.5459923868862
26.8369873489269
6.79912043537406
0.67625234191194
9.71675613012813
14.5647576256433
26.4308496872835
6.83027563063074
0.656077491214453
9.64439708415799
14.4962385540727
26.708404289796
6.65251519348071
0.645545498923729
9.63545179349354
14.4021617231598
26.3689145387812
6.62337881198121
0.629736868104717
9.51569914871965
14.3836374094547
26.3708306775645
6.58882369092243
0.616481009895607
9.50482856850239
14.2273444372701
26.468982656596
6.47896737630103
0.608133676291587
9.45660557897601
14.2511587404745
26.134934782799
6.42897104384477
0.584601894801804
9.37465767803921
14.1831390709604
25.8249559365259
6.37643789966434
0.571698119046526
9.36217185531234
14.0826164569418
26.0609716638464
6.33565659171387
0.55727438864144
9.30971974026796
13.9898462496753
26.1399886354497
6.28206522910355
0.536642006150357
9.22737111327431
13.9373806040633
25.9283008421194
6.23542470107313
0.530628405155722
9.17497821839953
13.8819159864545
25.627806646014
6.15109863089326
0.518735909570559
9.13781812323144
13.8233751533774
25.8214716126995
6.19755105559299
0.503965103192273
9.09416124880996
13.7211421104554
25.5159430492516
6.01039347573741
0.480926624239439
9.03990791053666
13.6881141155566
25.8186479720486
6.0196565305324
0.477859157398012
9.00824327745004
13.6659805258479
25.424174851237
6.00105905044566
0.45528880265437
8.95562188677078
13.5942782137012
25.4278833540237
5.93912622254133
0.448800229513398
8.91059691102383
13.4642904914801
25.4118500483238
5.82144501617901
0.435868585887404
8.81595873688205
13.3591008208066
25.2695089258279
5.81310870449406
0.428007862253993
8.77360422465592
13.3159794294151
25.4500633231951
5.7597941311628
0.410695820659104
8.74260502136911
13.3208824147675
25.0720091481782
5.75518701208222
0.401390848465845
8.67640762808768
13.236852425231
25.1371071928801
5.70681493925108
0.39074463311464
8.63073033528604
13.2640996819611
24.8271730497647
5.64659420741527
0.376689523089761
8.59443524138658
13.0945703096081
24.6811072896529
5.56857433048071
0.367437823792262
8.54051429220642
13.0004768788724
24.61106882921
5.48372583513434
0.354653506552489
8.49994709339082
12.8865235021195
24.8760003730471
5.50507033129768
0.342530567483286
8.44610236224936
12.9547844902593
24.4425373850861
5.39360913195485
0.334065442663766
8.4146559404683
12.8822617173105
24.7904211241666
5.33795764454216
0.324018300858857
8.35951756614606
12.7395106979452
24.5807815665704
5.33131935642429
0.310197796337199
8.30629212112478
12.6600024986167
24.4071614539799
5.23560787818747
0.305888244632972
8.23791061274142
12.5910902848798
24.2563828930747
5.2297293534034
0.289042952162745
8.21477778069495
12.5831111206638
24.2587301674677
5.17808653723826
0.279868848383646
8.15833267858585
12.4582668481187
24.1139157801969
5.15444579082424
0.274113945043366
8.09706883918489
12.5007284380432
24.0389982207107
5.06540343535125
0.270692864009744
8.06825304822517
12.3462986307993
23.8983012875523
5.0419642679632
0.256608554296439
8.02822320534833
12.2995036219485
23.7064764632464
5.01008845210232
0.2497376786725
7.95932620382067
12.3387180547468
24.0123632212229
4.97421753753414
0.239226597803787
7.92382198912252
12.3526911566906
23.6231215501372
4.85710650712112
0.235333085768552
7.88342400191759
12.1443960260579
23.5363224319602
4.86964206800935
0.224491234928298
7.80592018350481
12.1655481231639
23.5742807261723
4.75894053896636
0.21516785964223
7.7622934063797
11.9206396680706
23.6186492904588
4.79308046303691
0.21057155882513
7.73786861496664
12.0191362486381
23.3094290992213
4.68790055919574
0.200396107210101
7.67778789370674
11.8823986784177
23.5325848698777
4.66773207100419
0.192035219992478
7.64346534450924
11.8356141713877
23.2435763503502
4.63917059568935
0.18756695610348
7.59403266191544
11.8121703746594
23.0325113376943
4.63540870034419
0.182653393036459
7.53618666822215
11.7609833787679
23.1446713789391
4.58126697632916
0.172733521192563
7.48876627787352
11.6333150572365
22.7988903085075
4.49526487789592
0.166716445698179
7.44642238074983
11.4996001849824
23.0104419610521
4.47275966136194
0.162879322228947
7.41357532351395
11.5360965062123
22.9112955582285
4.40243785143446
0.154058399239578
7.35350672081918
11.4923302385709
22.9588897900481
4.34636527265537
0.148287227353016
7.32045180290174
11.4395636084572
22.924017090226
4.30409329841466
0.145084885931915
7.25690067300114
11.4174147403603
22.6803239810128
4.27706079837299
0.141840861981308
7.21714176537689
11.3711591448606
22.6975560471182
4.21602435425565
0.137490938542069
7.20610737801621
11.2393937200325
22.4111359383016
4.28305897687635
0.130824234939294
7.13705029819194
11.1724180085009
22.5284403014002
4.17591893181381
0.126295419206044
7.10298432321667
11.0570389183599
22.328736784701
4.15313193697111
0.122137880653508
7.03679501135004
11.1568622237941
22.2303751161725
4.09683407499785
0.11642497537466
7.00511302029659
11.0065622832747
22.2946255185432
3.99576275267147
0.112831514774005
6.93362325803203
11.0109012120956
22.0685258633068
4.00514992057809
0.110700222108891
6.89371682548382
11.013132991163
22.1806638688801
3.9506876354477
0.107797331528507
6.85752703159809
10.8424749455245
22.1283498991789
3.85389888822993
0.100908192354298
6.82234888747946
10.7777190986805
22.0439537346908
3.90025938863728
0.0997936711500735
6.77660859777488
10.7540198499555
21.8142710993216
3.82882859410182
0.0973851565826881
6.75036386442649
10.6882095207158
21.9747677691335
3.77812700968651
0.0924038068921529
6.6889310133944
10.5773257716226
21.9159635878435
3.75113530237065
0.0930769009409565
6.66837328972191
10.5656410766179
21.8532375076316
3.74866331658747
0.090256960207204
6.60795016194156
10.4347444022474
21.9451536702484
3.71344586407969
0.0890540065545523
6.57372164848151
10.442614654232
21.4124363448092
3.66067672603061
0.08643155178683
6.55697139003945
10.3596635490167
21.7660604368467
3.61946216177849
0.0845871863034653
6.49617162454353
10.3604338070766
21.3988634157694
3.57093409484084
0.0831051807304395
6.43986014005135
10.2508357733563
21.3125805115957
3.56088900879423
0.0827122982692446
6.3821882818823
10.2101534536661
21.2538099249498
3.49154849662842
0.0821889533516457
6.36145732500499
10.0658348599101
21.1317566956572
3.49890147473557
0.081324298633346
6.33269042923024
10.1069904587966
21.0474061658787
3.46327073631612
0.0801822176961853
6.29455874902885
10.0439535684694
21.2443597775421
3.40153871965066
0.0818979403097582
6.21083913564912
9.96860620810277
20.9296342870323
3.34819385448456
0.0803334912928517
6.17895606094126
9.86730831736963
21.0751463936423
3.35854481442944
0.0776546932155233
6.12747850355051
9.85614533380545
20.7330294846161
3.21637691429064
0.0805473406690571
6.10499058056717
9.83383716031077
20.6963883583659
3.20593935536254
0.0832213209947094
6.0780503362432
9.76928982440087
20.8135386282274
3.25780707000038
0.0846948123346561
6.04854580012961
9.71742650442341
20.7662156266864
3.17629608844058
0.0834612868680182
5.98835637295469
9.77478660988401
20.6839892986601
3.12982605161306
0.0862892423462641
5.94208440898312
9.61909456853662
20.7185816984996
3.11722770463271
0.0866061741263423
5.89470753499374
9.63025111185629
20.5894531673039
3.07466678540425
0.0887558554131472
5.84891259647408
9.46621707561113
20.3905991415876
3.06909345608466
0.0931826707547126
5.8155184773732
9.43179363046722
20.4550041685706
3.04964017347036
0.0934770414635951
5.78980559717073
9.39778770197635
20.1106629243199
3.00508072261951
0.0955978781609578
5.73126965419751
9.23729425477885
20.2231574511674
2.99151553944493
0.0986170612572256
5.71159314499974
9.29372565759565
20.4192536174583
2.95625418050759
0.0987537590819738
5.67983172742611
9.297196979604
19.9527572077399
2.90128708023165
0.103467956297995
5.63375448572948
9.27757257651011
20.0285017234071
2.87487168579779
0.105533075510611
5.5911775969498
9.1436622524827
19.7538830415379
2.81853577884408
0.109697952665896
5.54206034143091
9.12806768988019
19.8545552379815
2.81369552258162
0.112076312985787
5.51557222235888
9.03647603135089
20.121255422352
2.77417842938915
0.115292879369876
5.46041704218969
9.0501556297882
19.6916652056933
2.72529791803201
0.119690220549024
5.44067508741692
8.99761135693858
19.782951213169
2.68636923377838
0.126720575522893
5.4061612392022
8.86169762481875
19.4701738351836
2.71705966942027
0.127855238562308
5.31817410140922
8.87138216207595
19.614703685363
2.64077534337571
0.13528443774404
5.3069835278492
8.73147268952889
19.3285780621563
2.62875257560434
0.13796834062828
5.23958642311016
8.7801139355906
19.4298490424463
2.5806729890288
0.143850584117844
5.24100002296353
8.72923866180747
19.3820131656349
2.53982911551897
0.147794912106421
5.20695663291529
8.62056537011174
19.3554009948966
2.53937096200384
0.156580491379619
5.1468309374171
8.57599630372577
19.0365848624126
2.5076933958298
0.163350928419906
5.09712443820815
8.48908796936484
19.0396802796921
2.4618429929482
0.166560779793065
5.07053764097497
8.46423156991702
19.0345753753188
2.43103227115042
0.175018262498507
5.04434269235165
8.48700841971247
19.3393957596957
2.45669889396381
0.179229052786025
5.01471893690854
8.35190952982911
19.0947866515058
2.3645326755453
0.184921604313564
4.97123019238858
8.36130512002174
18.9695418179916
2.34485161439685
0.193112163845211
4.95731048063945
8.28798982600314
19.1888096255408
2.36501479008343
0.202374029743245
4.89223781959812
8.18566340849
18.8771355862598
2.29375631932307
0.209058316680045
4.88322461062416
8.24952767952426
18.648086458771
2.29011829098993
0.215229942877846
4.80184081467944
8.17861142241967
18.8117604904316
2.28641542382208
0.220811357385554
4.75928971219209
8.1250166003921
18.6462601255519
2.2452095014722
0.232681791244574
4.77338539599968
8.08396321293991
18.7076723441542
2.20731472518918
0.23879150794183
4.7274980181522
8.02526429233001
18.4303324337237
2.218732487916
0.252145282737334
4.67034212092242
7.95971563165636
18.6925270028894
2.14703549576736
0.259790207443174
4.63954938033256
7.95204836847262
18.5031712055093
2.18526375223054
0.262591804082143
4.60821660995328
7.82701490529411
18.6106788230147
2.13394198178277
0.272974560760701
4.55996750824286
7.79317524241149
18.2669950457197
2.12686221584179
0.283333136491261
4.51904115702984
7.90120731216516
18.2545127658463
2.09166331635028
0.294309751564069
4.49663908338779
7.72344728567231
17.9937858367451
2.05495916878294
0.30259154386017
4.44946243713721
7.65494835495408
18.2204997434633
2.06219134302395
0.308892120879294
4.43363154856751
7.63298147537858
18.0665013634585
2.01316812019796
0.318850414716994
4.38612896238864
7.59287765017892
18.0009591013345
2.00114322590331
0.327867945374909
4.34999665492898
7.48650751810847
18.0311267305382
1.96080315499405
0.336174411978099
4.34554863895654
7.45482098143572
17.8629513604575
1.93186282902782
0.353097391389863
4.32027389938506
7.4429471206241
17.7366538935873
1.94015655892676
0.363869185622669
4.27564397885384
7.39595015095808
17.8076021068672
1.92185226392961
0.38217308996087
4.21110098776053
7.28233555081758
17.9322082159519
1.89588666202145
0.392681515869675
4.18569396587692
7.35986129827472
17.7510540832216
1.91965336077864
0.405611826614884
4.14853289219272
7.29463791582049
17.8940605883656
1.86531728502185
0.410082202474804
4.13506001388177
7.26158014226138
17.4809291517048
1.8550189072721
0.425796062647445
4.11369995689808
7.19099772273676
17.5965730919574
1.80462562334846
0.438377161850075
4.03857813645004
7.03773491394711
17.5460732361132
1.79943636532256
0.446531356620299
4.01566371610979
7.19582462625181
17.5313987984529
1.82972395351702
0.464260183831037
4.0180806812628
7.03423419037342
17.7383730099231
1.75178986026108
0.479180492194441
3.95646594820318
7.04021124437799
17.4862188902998
1.73897430703015
0.487423340546783
3.92828847645291
6.89703261687279
17.4005600494597
1.71121507222196
0.510340233505603
3.88614087998474
6.94766326049265
17.2715669592724
1.72099905163893
0.512967306310068
3.8634728254633
6.83990273023475
17.0616344056497
1.68215699443328
0.531220294302024
3.83064205576111
6.86083383547046
17.0719545158063
1.66860165891868
0.54602098662919
3.7753125166229
6.78849391460877
17.1373927980632
1.62637310931814
0.553436627777214
3.7707120497153
6.84335604593753
16.736035031888
1.6580123312673
0.572716906604976
3.73694069259365
6.64934684439771
17.1020155642919
1.60079566438411
0.575978158003434
3.70153835103865
6.67865576736184
17.2038273958295
1.60518545629316
0.598972928463875
3.68371073732266
6.60896728696097
16.9440411877981
1.59267940092329
0.611202896110438
3.64515115627416
6.51343091109154
16.8680694512058
1.55382371582607
0.626457008279767
3.60084284095203
6.4852010292882
16.8293531025118
1.57558529053573
0.648391254375119
3.56201752130096
6.55779797433748
16.5945663956338
1.52780476353966
0.661615272729435
3.55912419257536
6.4650332694988
16.7962812795864
1.52978942760488
0.676466720205972
3.51283583239636
6.4112876669085
16.7536898829438
1.48895760759176
0.687281736100116
3.49870016407141
6.4200181303455
16.7348177656259
1.4919733356502
0.705718828792195
3.49195263314205
6.31242923670695
16.4957587420219
1.49896573361692
0.727522275256256
3.41656174947921
6.2538503801855
16.358857148504
1.4135709310634
0.744882440528915
3.40248626961073
6.27749954334177
16.6314773613351
1.46705183828426
0.752791109912489
3.36861593504666
6.22781924750816
16.5105938536446
1.41080052365927
0.773370492225664
3.32776409089806
6.17942885863311
16.1291199742963
1.43783349164233
0.803560674895872
3.32101873599314
6.17404380609503
16.5456396594556
1.42027721916703
0.805759550432637
3.29915936799018
6.04825389706373
16.40351273559
1.39896816365905
0.821472854857901
3.24327158918223
6.06346841208245
16.4802720050717
1.42340176597387
0.851672753016895
3.22223580035629
6.04033251635235
16.3356741427847
1.34431821175502
0.873905247568507
3.19351096535036
5.97717841500975
16.4113064449254
1.35847816791507
0.874777120254913
3.15873738396682
5.89538726993762
16.6014653419941
1.3186482523713
0.903122092142403
3.12526268298265
5.93859008526656
16.3432078435578
1.34840765929523
0.916230196002784
3.11284597071104
5.86528212418919
15.978900009828
1.36426564429526
0.931268923995596
3.07116435868184
5.81751266101305
15.9777975330929
1.34499076553865
0.958889882171734
3.046425388317
5.77800711746136
15.7181610439709
1.31767849947501
0.975652523519603
3.0146227869532
5.76358339575383
15.8098177758545
1.30508190719433
0.986123676749512
3.00469640383925
5.695225504099
15.7805312662954
1.29032322328035
1.02823916505181
2.98392041333722
5.62023505732304
15.9777136574248
1.28349277556723
1.04859814478076
2.93217487616198
5.63157979081897
15.6574242892624
1.28076860883239
1.04820652973606
2.89653598347216
5.57159204827922
15.6919408095367
1.28608821913389
1.09616233608316
2.87234373436717
5.54163860058248
15.7351874880738
1.27359589930043
1.11442953401103
2.88030566728615
5.50127601517642
15.8192610060497
1.23688095841078
1.12426040699958
2.8119289306876
5.53461025151607
15.7242788888403
1.23188487468915
1.14976534007633
2.80142514518277
5.46572188247029
15.5524133829583
1.25360575362228
1.15500012982812
2.77705972374535
5.42385935929553
15.4853448245492
1.24785623479669
1.1719836807528
2.75387638139216
5.42877242197552
15.5784360954569
1.24750825355301
1.19734158501342
2.73306056570707
5.35046191059399
15.5353409194916
1.21259963799347
1.22813007990954
2.71058050813734
5.23372951007229
15.4314902993839
1.20771328138459
1.25694358243466
2.65852844327478
5.25792378867232
15.3797089639433
1.22566861990707
1.27493953140194
2.63674675826713
5.20201746048234
15.5347696669651
1.20478285722525
1.28395670791919
2.6198532036257
5.2268492423165
15.6250745125044
1.19344238233033
1.31659455783087
2.60668706755536
5.17655767672933
15.2894527800779
1.18705170367863
1.32926688876956
2.55803258558012
5.1240215646541
15.2101545745875
1.15124811534633
1.35942575315315
2.53547899933409
5.10883734415822
15.4068099548297
1.17092016403505
1.40254702503604
2.50428695226519
5.09305548710702
15.3323836251747
1.16668315491328
1.43086316819613
2.49061671130332
5.09090286759839
15.2607884606066
1.15671220698144
1.44659952835923
2.47615964295771
4.96174110495448
15.1864112018154
1.208516625363
1.47356421305381
2.42645792532218
4.97932930915261
15.2001810275624
1.15552772892872
1.48401212149272
2.41300550854612
4.95933396146268
15.1587300925369
1.17068635895564
1.4909694466599
2.40747383524815
4.92630072753401
14.9117510529589
1.14169497669076
1.55651375318325
2.35608561161316
4.89021469027689
14.9959002031391
1.18964425650832
1.56282492544714
2.33387940632989
4.85008894996994
15.2683466567648
1.15541466142897
1.59092675313053
2.31769512699484
4.82084079326396
14.7115961435224
1.1560767568404
1.59422539295332
2.29049151681635
4.79893509547231
14.7510080222577
1.14432694765774
1.62157591212002
2.26459006829266
4.70453495005569
14.8717207324608
1.14972899418474
1.66318642976761
2.2385985480376
4.68332186147951
14.9104010969898
1.15636744307655
1.68124517740188
2.21319468384947
4.65306811240236
14.7316579734065
1.170315212629
1.72343635965565
2.19082998340287
4.65642451938048
14.746464886504
1.12397503811552
1.73953226577288
2.17369061643915
4.70191977882584
14.4912989603238
1.12880490516333
1.78503884257035
2.14136747592182
4.57247342293178
14.6432074212427
1.12955018254441
1.80160694039804
2.11985826725352
4.58442517026939
14.7188468878186
1.11973434707859
1.81883314497992
2.10368697987713
4.47666387835458
14.7709078002968
1.14038634462873
1.85129774192467
2.06224264721013
4.46839287691231
14.6025265609386
1.1500544263556
1.86086273850704
2.05369877992945
4.43060716559459
14.7002437589743
1.16361262328417
1.90769057683887
2.03620102697491
4.41286251826003
14.4757496688126
1.17467509486595
1.93864118006188
2.01715564827598
4.41383340801224
14.2943749743487
1.16535497347324
1.97413698471156
2.00515223789911
4.33156264701769
14.5552014702923
1.15204109842639
1.98194703841869
1.94223106641468
4.3101790202273
14.2664488057254
1.15402849168865
2.02739642155991
1.92183724450212
4.28677968165863
14.6311655513581
1.13433420354221
2.03915283294325
1.93736602468342
4.31431784343201
14.37895167485
1.1451615439599
2.06916754519434
1.87833159642166
4.29327877661821
14.3735310131783
1.15056450110214
2.10885355635259
1.89409701330641
4.21148246925681
14.4470339126818
1.17572875144388
2.140132248919
1.86669149510213
4.18958159714619
14.2242984195126
1.1621569430729
2.17077603393854
1.83846602505869
4.21810709655552
14.2433869580254
1.1395015567438
2.20283154450452
1.81455767923
4.11909305296562
14.1161109210043
1.1599323406617
2.22987654909693
1.79221381343105
4.11643858014232
14.290377427617
1.18143315544873
2.27795413803694
1.76723080162991
4.10238634235287
14.1210767770015
1.1845288627937
2.28677167448615
1.75720193015671
4.09033524176066
14.0703344525737
1.20631987568197
2.31512872861358
1.72650470856231
3.98323612711266
14.0470400054777
1.19161677962983
2.34505938710731
1.72843990888223
4.01263941232279
14.1741831035001
1.21748685138313
2.36009043081344
1.70334265007855
3.96327257029294
14.1995581784509
1.20343401475071
2.39613167497794
1.6741487210957
3.9103101207468
14.057977039631
1.22453886302567
2.44495753468216
1.66016795177209
3.95127424233612
13.8769843006037
1.19993954323425
2.47355273756986
1.62876692014314
3.90558866639287
14.0818508394695
1.21492553302305
2.50504472985475
1.59825871018812
3.85498470073836
13.9985030556168
1.24288727579869
2.5273868563001
1.60937058489145
3.85080087920491
13.9082706042759
1.22722826119358
2.56250205773307
1.55675249199476
3.80878018377111
13.9335155159317
1.24371213663671
2.6109537912666
1.55688051900688
3.80748702271253
13.9742590945343
1.22651482354308
2.62826721143176
1.53668470519244
3.74769719593485
13.8513154722855
1.24314094784123
2.64051805761117
1.50450251062796
3.73939775249662
13.6011459462455
1.25832112279165
2.70097133728207
1.50712846105846
3.70991690385362
13.948194915519
1.27429024569324
2.74717587672078
1.49794431800524
3.68869421099044
13.7094643801055
1.30185030288592
2.77242272217279
1.45617803738642
3.66121658662379
13.8300758858125
1.2701594698508
2.79508448839846
1.43288907883182
3.63385864403023
13.8200847862025
1.31046720146313
2.84718720431531
1.435241918827
3.56742327992428
13.6761077619314
1.30727067325329
2.89187845419282
1.42013908463712
3.51804094294545
13.6511805872312
1.30799576936353
2.92525421151542
1.3730785289592
3.55526146747233
13.8490626359111
1.34489642475003
2.95863737833805
1.38073231629971
3.55042743552829
13.7615087105207
1.37090598493482
2.99728814133311
1.37081130507875
3.47184304851968
13.7142742626835
1.35664904851631
2.99896201885341
1.33894758957246
3.46799030280135
13.8390866474097
1.36274263486114
3.03917960797025
1.30463983849311
3.43904980392014
13.579221850432
1.35646626210853
3.09694863209108
1.30594819473716
3.43404139302005
13.52369017004
1.40347152163139
3.17616094163057
1.28315872850127
3.40644456982689
13.4899571196815
1.39742082834072
3.15938298266173
1.25729218279485
3.42405855409247
13.5166762105425
1.39559817537639
3.16991940644963
1.23654648714649
3.37104776523435
13.4845104256403
1.46307589427744
3.21733904173294
1.22674929681523
3.3817589584639
13.6036331690371
1.43959763460645
3.27894630043783
1.21695760995468
3.36107735047805
13.5375117785529
1.45941482653274
3.33373624475592
1.20799910208153
3.29055012342029
13.4941005562456
1.48789141337973
3.35175236984231
1.17466751729208
3.25147965349276
13.3410353683903
1.50900525521923
3.38290135020623
1.18028773516366
3.21483370247205
13.1410323555319
1.46245220244164
3.43193333943857
1.15089594863652
3.23390276712777
13.2976711426409
1.52733311438199
3.48982858212841
1.1458365156607
3.20391858396849
13.3612185168496
1.53545434786348
3.50352737845041
1.12613448489643
3.16321598958484
13.0672533318928
1.54012715790194
3.55274007674135
1.12164311894387
3.1471404780942
13.4371646539175
1.54932235036107
3.57170856164538
1.09081415440235
3.14209222477231
12.9799002989691
1.56538787064734
3.61699966351807
1.07694449713384
3.10202612062469
13.603529433341
1.60363200040253
3.64203655204022
1.0620233441313
3.06834895857555
13.4035135470933
1.60112969581074
3.71730058059838
1.03873010671691
3.05604711039345
13.2382449689611
1.62817915977605
3.76185562368812
1.02251958635485
3.04179677612286
13.4296996572873
1.64435090430785
3.77894191491694
1.01563309815871
3.07711547974297
13.1741853797194
1.69402519641802
3.81972549930011
0.998075849423229
2.97047169213111
13.1000626143105
1.67250514363479
3.85369735191209
0.981532552642188
3.03887110214366
13.2696708482871
1.67669883285885
3.87120384302377
0.957580891890767
3.06466647099665
13.152450660149
1.69212418723425
3.93348260251713
0.963895067125175
2.92561484892179
13.1762944008657
1.70738812208546
3.97281192130414
0.957806042594479
2.99847310004308
13.0151859796131
1.69647540803138
3.99710283380517
0.921132418128444
2.953981119235
13.0154068578678
1.72664231559765
4.04664417449257
0.914318125448257
2.91664831080559
13.0042777613359
1.79686244024856
4.08917819689908
0.909250901415283
2.94940648877793
12.9400557391973
1.84539028869484
4.15027005471126
0.883574359108791
2.82320395582621
13.2644314016659
1.81195626845965
4.21843291686768
0.872339344738563
2.85193590922842
13.1677270799536
1.83957060029218
4.20642805076429
0.867203320857131
2.84051811265695
13.2759947521561
1.84431152257492
4.26188321585313
0.861721048002393
2.85733981788371
13.0449339789845
1.80626157575608
4.33260452550269
0.838729827610118
2.80486946491635
13.1451920471594
1.91084054520021
4.35257260903196
0.817782075425091
2.77401612135657
12.9418407895882
1.92519909591773
4.39074663156317
0.828441308408164
2.7911276881032
13.0612954289936
1.91726141065911
4.43964263016275
0.805722973745812
2.74191368394137
12.8566804915294
1.984110920109
4.48774589881325
0.789322905121332
2.75632536812781
13.1016857722133
1.96394602879969
4.55016516054227
0.763389460923086
2.73539940809559
13.1156474094662
2.01156501850249
4.60398423194529
0.767341805177409
2.67564888989144
12.9730617617986
1.99266181177098
4.59506417189535
0.76006771823226
2.67716007424127
13.0353861148452
2.09361425390341
4.62614459755712
0.746796418191459
2.6527558101703
12.7781555874484
2.06534931074303
4.70917485284975
0.733085005124976
2.67908535627325
12.8484399216252
2.07796731883552
4.7768625296552
0.722327547420017
2.60296934074335
12.8113457208443
2.06621011598141
4.79257716252958
0.721809669300375
2.62060892581365
12.6586450396423
2.12068519890357
4.79407350389952
0.69244005841689
2.60410391123015
12.9720502791994
2.17826901620177
4.85716083096892
0.682136560443616
2.5796641598657
12.7706363690488
2.23596250414586
4.93946897336433
0.704697612230955
2.55598485660983
12.8710093231213
2.1826287749993
4.98222676770454
0.680237109910199
2.53562264368231
12.7602251460392
2.19517857202633
5.05598319224616
0.645310144870132
2.53936950871191
13.0204743176244
2.27561642774878
5.08688842801291
0.652251651388942
2.55436012315799
13.0831748137847
2.32711648998517
5.11878576325108
0.6386002163546
2.52814267574137
12.7954338446493
2.29710964057687
5.1604766875051
0.635678529161814
2.53442907277081
12.8798222705193
2.37936921169365
5.22042394600848
0.621595779888956
2.42451396353881
12.8769002223476
2.34635027515319
5.27167734618726
0.599763787198469
2.46947916726901
12.5835127510472
2.37932659873418
5.31639916966065
0.610112312124863
2.49895084807393
12.614697514376
2.41767198541971
5.34088177988438
0.585596148360788
2.44766661961906
12.7466028486347
2.46780241546392
5.38241432215956
0.58035212663867
2.45942401434615
12.490730269639
2.50205511177596
5.40241130187895
0.57180454558979
2.41157162637024
13.0560528401227
2.4525014925631
5.47978250843396
0.551427959142634
2.44985671816464
12.8075427244787
2.50135984276456
5.52174982418272
0.573062165025234
2.3570097865239
12.6866825994026
2.57271323989948
5.552637776583
0.55030539334611
2.38336046510458
12.6195180528572
2.58417955894746
5.63854578835315
0.538417811730333
2.37413211386942
12.6471218715232
2.60346399222956
5.69898822814443
0.530900562331548
2.36301113311924
12.9494214725744
2.62042089895898
5.68773209177916
0.530457151591739
2.32108480903293
12.4626669552006
2.69094859422887
5.80286667497087
0.502472613824914
2.36221740075664
12.78969223268
2.72724211584765
5.82782164844352
0.517220793683112
2.31054565934039
13.0576093472581
2.77017844063324
5.87718674237068
0.501786131559457
2.33441188268672
12.3587080676781
2.70797683972392
5.92665185469902
0.489370954300756
2.28938181892202
12.7501103191201
2.74504646377895
5.98520171562556
0.477167080231932
2.30934672913002
12.7045517427888
2.80315835570853
6.04374212328015
0.480811682431175
2.26328249282996
12.8853072088111
2.8672488435654
6.12483815282979
0.467274071170821
2.26667888835502
12.6188448588254
2.83901698145844
6.15987859572409
0.456739294635624
2.28345745161548
12.5988340004712
2.93624212771815
6.19530281597013
0.457202976585044
2.19906025895267
12.7711392355982
2.92277388415603
6.25658234722479
0.447164811448554
2.30308023718243
12.9154984847022
2.94479179246518
6.25830303077306
0.446575960262739
2.25408410132077
12.6665001917991
2.94220016017709
6.35564215505999
0.440748335230619
2.19517205696437
12.7070794584014
3.03947567618913
6.42696051045887
0.443491907008868
2.2489274229984
12.4183325929223
3.12424336720612
6.46561287029269
0.426986751035494
2.23763824094557
12.399211506906
3.08679290135742
6.493877422418
0.415729498938645
2.24490705273471
12.70862816173
3.12140536087301
6.52741908370219
0.414123179112528
2.19946515929298
12.8579246719306
3.1349344599022
6.5607204306204
0.406318379059823
2.14194945866278
12.4494165141152
3.25703816416374
6.68973383240007
0.406414589280734
2.16933103085248
12.4838872923977
3.24180903864966
6.70785567174353
0.396519723124055
2.1629699818946
12.5502966105993
3.25899615330878
6.78121041685625
0.387416526692953
2.11584871008903
12.6390183777673
3.31840386783311
6.82800063203039
0.379077574069879
2.14902046511584
12.9069638348101
3.30461155495148
6.91079122194987
0.373783818816957
2.1324192945358
12.5309560330444
3.37098047277808
6.95802415783986
0.371064082783172
2.11349370268035
12.6830580605564
3.4517146980893
6.96425141333856
0.37224115166318
2.10493037335251
12.4834484021862
3.47688334193019
7.04933634486968
0.367090688180136
2.14961175570501
13.0081303424174
3.45776056392591
7.08320197262628
0.362824433311084
2.10713224181716
12.9757661785918
3.51420120590054
7.18690375176991
0.354098800770522
2.1157846565585
12.365466892615
3.5664724561544
7.16568057504626
0.345445462028863
2.11162041008155
12.3901210622934
3.54347823715939
7.26892879788953
0.350063506430525
2.08507273819588
12.4800793999126
3.62860163768778
7.25267072644053
0.346579511966342
2.1181008001034
12.7371339912439
3.65874500037298
7.37924798965993
0.342400367407962
2.09163176012797
12.4670649547114
3.66996903266955
7.47682068801879
0.333259833485434
2.0667743002574
12.5907572961983
3.72103122784204
7.44777602053095
0.343895969708563
2.08869867560144
12.7343241729138
3.72952326112157
7.57545277003937
0.337793080831031
2.0302940218774
12.9147143807088
3.82892424022325
7.54798019560629
0.330450632811381
2.04757765630271
12.6834539262416
3.91052241746964
7.6289744996487
0.332081428325898
2.01220196819882
12.7635522219799
3.92261481572155
7.71276789232681
0.325039405926102
2.02314896775321
12.7944210439194
3.90311980272815
7.7443081204077
0.316439389214866
2.09990403377578
12.7893008238585
3.96673161756479
7.85038215181391
0.319590372794848
2.03613613253394
12.6298755797831
4.00432038970489
7.89090426011618
0.325546136876095
2.02063394548418
12.8364946495468
4.05730679730264
7.95209521918529
0.31895179489806
1.99230574546507
12.7155382402805
4.0424155143046
8.00434472674613
0.312610723410951
2.03256858726231
12.6085333191797
4.13589657729329
8.04809899712578
0.299044829526551
1.98188843828062
12.7919285340096
4.1971660470906
8.1277680791985
0.309104994677083
1.99335980807704
12.8804733101842
4.21808642683546
8.16793186838967
0.305748672166633
2.01209589607254
12.8359650383348
4.2195490330072
8.23097774319149
0.3111514854612
1.97243170160029
12.684925961183
4.22827855860859
8.35921010203706
0.303715051023317
2.01868498338762
12.7668332171076
4.35746057501421
8.29821668763182
0.309551872577185
1.97896622173737
12.7234361256135
4.28000617677112
8.43040700125592
0.306251733315506
2.04609870153839
12.9689551268971
4.4506504881218
8.50799640716793
0.299862196733182
1.98042925968472
12.8179711497188
4.41218658864256
8.56851586766215
0.300803106805927
2.00454466435484
12.9798334002647
4.58812493562788
8.57638206917594
0.298968089727427
1.99509026871553
12.6229020361728
4.55004831995745
8.59846975169971
0.299061356418609
2.00322280417642
12.9144607908942
4.60899284464328
8.70912038482639
0.293511776835533
1.95519597927111
13.1493040947978
4.61706712097275
8.76589591497817
0.298860951184179
1.97062677633499
13.2109764322543
4.69675919627153
8.78066907030956
0.30246961482732
1.98227649942163
12.7292440415756
4.85882288148782
8.87298710681011
0.300973683923236
2.04202151536784
12.8685385897092
4.84740175075302
8.96686441664415
0.297259595923196
2.02572685555767
12.6957410774202
4.85063658498657
8.97185442329173
0.297975411324088
1.99762138140998
12.8909469466156
4.82947784718693
9.09622753278883
0.29740646737889
1.97730581333893
13.174354010273
4.83007753550466
9.17176527598813
0.310311904980983
1.94363547667459
12.9509368736595
5.00736325545108
9.20812464785086
0.309360753941369
1.96890608628711
13.1524512881312
4.93136419610218
9.26713647616497
0.306831239716729
1.95070755753567
12.6598205571257
5.10831499471163
9.33273806807994
0.309551538915294
1.94439839671414
12.8767571589274
5.07580805755572
9.37698292419689
0.310772888559011
2.0469248208021
12.9283304830103
5.18538835842679
9.49273974338474
0.303417574509966
1.98857250525605
13.2121331869084
5.16110301856249
9.46165271936412
0.294891614731146
2.00731720710828
13.1939915649219
5.21853814703191
9.52080097319849
0.310864795839465
1.95946721145861
13.1732531087263
5.30579553271404
9.64195855159797
0.314125032824496
1.98688014245876
13.2089138050927
5.37452758503416
9.68469168919039
0.310204857002004
2.02389301746386
12.8884614732026
5.32747019701195
9.74653955700792
0.324068594195483
1.93571005861101
12.9865897943255
5.33622694687164
9.77190346998289
0.316038969170489
1.99219722753622
12.859837687515
5.53706648693094
9.87910667604863
0.322689532427454
1.99736009289183
12.7899144907322
5.4495764927692
9.97198273848537
0.337286618542383
1.9806588275659
13.0773018720094
5.52150870615711
10.0249749348579
0.324565377790974
1.98442838023393
13.4423474657536
5.66353168970361
10.0835237471374
0.327970330888482
2.02742387084271
13.0887631148762
5.7847366811759
10.1593955005823
0.331866232095826
1.97882235142426
12.9660709879583
5.71935402154073
10.1645170417651
0.336424325349533
2.00321577959545
13.4708758728975
5.68880951732149
10.2755542816929
0.344863866015042
2.05420686875291
13.3391487544695
5.70980996756619
10.3324145281131
0.346384811390297
2.01029062837345
13.4400546986482
5.99237282659336
10.4124193152462
0.345375003182931
2.07501304283847
13.1676352993448
5.86136308453363
10.5162639148153
0.347176449931963
2.03662853335401
13.182077302406
5.82484342104235
10.5779328334075
0.358387958439149
2.01020057380604
13.5354780611434
5.96304859974851
10.6901484172759
0.369033188796508
2.05135511007437
13.3823661965307
5.9994869676007
10.6640760942558
0.348876986102443
1.99977621017372
13.2675693060354
6.27887043009584
10.8068878053907
0.362577080172989
2.07127024225878
13.5040691023161
6.14299572611104
10.8403931019294
0.378653358606604
2.04023035513708
13.2413982138523
6.25277713349864
10.9034966561658
0.372326100503919
2.02706223210507
13.205587963533
6.28814128568069
10.9877166733643
0.395643671935439
2.04766579108133
13.4145294534538
6.33119418893349
11.0537535626028
0.393632646936704
2.10373158403723
13.0193689577187
6.40106959042675
11.1322174399986
0.398460222355145
2.09372471769131
13.3366658018555
6.36822262251658
11.19498027333
0.402302424479721
2.07974483862557
13.1384006239307
6.52791139250605
11.2566579760717
0.403752058448836
1.96760207879873
13.100326228385
6.62714869623145
11.2756425912544
0.404568277167611
2.08208932019468
13.3615425508583
6.64257525771043
11.3791327895718
0.407832729911683
2.03680717644581
13.3579150237174
6.70582240698406
11.4517846258941
0.421839092737828
2.06356859359837
13.6454355839516
6.70199291986216
11.5083897259327
0.429623005876549
2.08974469001721
13.3630815559223
6.77536878118771
11.5746406719815
0.432533124246544
2.13256313829846
13.1591862310174
6.77281911501429
11.6370693440372
0.447431758347395
2.10128932215021
13.8364944837977
6.91380452442175
11.7262107117008
0.452295241436492
2.11820101695325
13.100921035692
6.94210614688657
11.7477558885594
0.458703167698564
2.06638048896602
13.86143973517
7.07039576575738
11.8294378573628
0.452853619050075
2.10974393742118
13.2745462764626
7.05640802057858
11.9748850083896
0.468742424883099
2.19190350550486
13.7374174384421
7.18789326682214
11.9735244919339
0.479003113723782
2.08878061038465
14.0012295443917
7.25293346681644
12.0336116429876
0.487634591045142
2.14376063449934
13.8005991798944
7.37292738879948
12.1356304601236
0.495561263993586
2.16699562408927
14.0855065784993
7.24257173892255
12.2737011223882
0.491208835035578
2.20330095380815
13.8803708854556
7.25909714612242
12.2995526095909
0.492503421478003
2.1810374824943
13.9390895230135
7.47057744420507
12.4045649092412
0.524393744734739
2.15276137633627
13.16382686246
7.47090798294295
12.4590524295559
0.516382094643958
2.16386135595065
14.1152566923147
7.64934877795679
12.4927352728295
0.519139353297466
2.22300720638983
14.0346794350454
7.6670598027594
12.6185362535051
0.539346176406957
2.23262609322129
13.8677380189969
7.62352861623624
12.6213748064895
0.546528900358721
2.23125482359675
13.9899748985743
7.82621675891643
12.7599413166821
0.544557115383521
2.21180890921621
14.0683793303934
7.75193235331187
12.9077165044017
0.567378843323648
2.19990279704134
13.6124200955256
7.77875645789967
12.9426285018686
0.563399300326056
2.23521634064073
14.064057553039
7.86721775427841
12.9624838167802
0.573505789909939
2.18542084936508
13.8458862880245
7.88821537841062
13.0651613244462
0.581406284436334
2.25748755862186
13.8867773430841
7.9649051516354
13.0983979635069
0.598463245549369
2.18682821107147
13.9957654836235
8.18885723394712
13.1984034407687
0.606092052977571
2.28432960920908
14.174442227605
7.99858111412176
13.2373387199609
0.609819019308196
2.40901441761948
14.1067089829857
8.29770526089291
13.3604709299269
0.620522196302693
2.31284203550265
14.0428614738867
8.19165109379009
13.4362877313498
0.630707125174737
2.25791770089504
14.3910972623328
8.35585168721604
13.4199532627027
0.649654975869816
2.31087302799321
14.4768618833688
8.48203075100769
13.5374443437315
0.641439217403373
2.3486187154342
14.3757585143978
8.38869484681002
13.5714569870249
0.655711363890915
2.3008738329126
14.0888500163257
8.50539021980868
13.7903199147772
0.690043084773692
2.39490841082763
14.1330699778842
8.54564688186302
13.8120709413014
0.686103813646841
2.31224720856626
14.3223656561176
8.74502056869884
13.9540873118031
0.698730514580213
2.35609641639032
14.0118732915437
8.68657699391594
13.9855822179548
0.709591906627757
2.4054580282567
14.3268897932033
8.71157202037205
14.0236266333715
0.707839033349967
2.43466525358182
14.6132344244731
8.7214988747667
14.1131157629432
0.733701668529869
2.43038378723515
14.6398236175679
9.03842121011217
14.1686617737582
0.740313623818259
2.4537152204996
14.6152089127984
8.97417685427037
14.3184021394908
0.747837658610322
2.41633984472782
14.3320950554231
8.87146496192052
14.356895540088
0.775275631241285
2.42089948478451
14.4616021922886
9.14215258453187
14.4173547237297
0.768918526276588
2.42214854200052
14.3806599752964
9.10319885655795
14.4569504739936
0.761934280880208
2.43120483745541
14.6833577539369
9.118044766314
14.6390477496808
0.792605786326777
2.53772707506179
14.304555930866
9.20229801502401
14.6586314491113
0.811274453633874
2.50268193629277
14.5939360822007
9.32199007655417
14.7059702005513
0.843975611271406
2.44223726428087
14.8899951733981
9.46814528331589
14.7398795823412
0.825881404334372
2.59372936293823
14.9032878651137
9.45019340865127
14.8133990098521
0.847226142759172
2.55442258390972
14.9767017529221
9.61835249748951
14.9860731265774
0.862189056975099
2.51514757943014
14.4494511009346
9.68545096590609
15.0468885458848
0.877794063553023
2.54356260323996
14.8446140885177
9.78735935453822
15.1562984394145
0.884791459229202
2.67756325126766
14.6044976206991
9.75713494637666
15.2064416616189
0.885306419379444
2.52849195433934
14.8308757801796
10.0801481362758
15.2579271294388
0.936090486806038
2.67256290352498
14.9699015326122
9.93703046847148
15.4012885690227
0.93672064169802
2.6163436418435
15.3623764033162
10.0556529651277
15.4704446190057
0.941732155958078
2.72661897624473
15.1642162210385
10.1450540217065
15.5116367676093
0.967283076980932
2.65076112944513
15.1743211300881
10.1128534572576
15.6345025018103
0.967847733278798
2.8078186391162
15.2775804141049
10.2825906012807
15.6730067338991
0.990948214719909
2.75740141087878
15.8196354962129
10.3888199429538
15.74195491374
1.00379576770339
2.71524419287802
14.8584168588776
10.306615286402
15.8059240667369
0.999362512891078
2.72379744950599
14.7949869099882
10.2778660281287
15.9103667866502
1.02072325639923
2.80358506204041
15.3927499055268
10.7647243447719
16.0532025268277
1.04055286308076
2.86189471237479
15.3696688743793
10.3787160227027
16.121850843931
1.06867807444171
2.88000928457136
16.281971617629
10.6416926891514
16.2174968960967
1.07327865139699
2.75178576256681
14.7591347461899
10.8943908259097
16.297395872653
1.09125535675892
2.87540376820409
14.8611227880591
10.6406123138191
16.3626755211259
1.0968993221029
2.88010811414588
15.9143541004875
10.9945098704015
16.4642260023132
1.10021704649661
2.86892349349885
15.0980287657604
11.0574476148688
16.5189356851968
1.17274462986016
2.81150027832489
15.2855890475696
10.938400563067
16.6738599831113
1.14764229795698
2.95639561353872
15.5492257860954
11.2411951385621
16.640684943597
1.19771365039917
2.93617009784973
15.1929208108381
11.1201135755957
16.7469884557012
1.19119703527525
3.0070249180987
15.5414371959619
11.2764469015247
16.8357347875633
1.16689396070817
2.97540751839285
16.2043787543577
11.3716906087539
16.9002807266521
1.20882948358522
2.97250375311942
15.8256040641768
11.6381439045683
17.0928008677618
1.20021914404692
3.00134884659428
15.7337500028472
11.4077233849627
17.1084640753117
1.22449031106727
3.18933009704184
16.3850316136862
11.7006209595506
17.2714944485253
1.26405101161698
3.07674402100603
16.3939142598196
11.6898022333653
17.2791420761211
1.29973518458041
3.10751907651503
16.0625590809723
11.6459668821091
17.3139375751392
1.2843856652757
3.05142814011202
15.339021443582
11.8773070759834
17.5308431511145
1.31864507047827
3.17081914028877
16.2489744706718
11.9617530547438
17.5263573973914
1.3402042208984
3.12328272296237
15.983946355522
11.8548525695772
17.662988236892
1.33656539595855
3.06617613314582
15.7715489952251
12.0544036483097
17.692451139312
1.34111273742538
3.15497357349392
16.2906303095531
12.0572799820512
17.7118988770869
1.36656849137963
3.27332453564049
15.7303840134861
11.9083105991521
17.9317702651446
1.41907793526832
3.12511764883918
16.0358363762286
12.1072216664414
18.0607930375254
1.42756702625314
3.21980433022042
16.4909477835513
12.2224097536663
18.1719127710097
1.45848342985257
3.24915063308545
16.017386469686
12.3591694432081
18.2642211903771
1.46631846675341
3.29868161777634
16.3137495028502
12.5477979199481
18.203296247004
1.50448888422909
3.37691896092369
16.3960189487031
12.5414044105291
18.3281106616713
1.52716161558862
3.29101444572799
16.8549904482041
12.724203257108
18.2961143792692
1.50434831505665
3.40937698642977
16.4474834192271
12.6831001179397
18.5358507541972
1.52770061838243
3.40999462982438
16.4975303889168
12.8921272359157
18.667968381433
1.57129405867132
3.26654783141649
16.175875162439
12.8455991975602
18.680200445578
1.5762686749913
3.45383097067793
17.0959025827722
12.8522703413189
18.7722169061796
1.5856832013417
3.4344339320467
16.4232302796156
13.1379574268799
18.8417578780041
1.58880530991445
3.44929439556262
16.423992234356
13.3435876761161
18.9890890298076
1.6074241407434
3.40479777952712
16.4302636053925
13.3376606436955
19.023608649082
1.61382770714622
3.58555137474657
16.7696137724194
13.4228040390375
19.0648542792973
1.67584492033316
3.50107282930872
16.4074304060816
13.6229508134284
19.3071364104909
1.7023982608301
3.61495759697392
16.59381799979
13.3004339060119
19.3027837475098
1.67470044897385
3.59618623227464
17.3668219855721
13.5829613004543
19.4381506751032
1.72933273988876
3.74538619387204
16.6773261824347
13.7131411314082
19.4853608655586
1.77823133872464
3.65204057783311
16.9562150405039
13.5507411596351
19.508659305673
1.74139987034351
3.69703943655169
17.3443986413052
13.7776560693359
19.7260175263471
1.8022567562269
3.63244867340809
16.9628490587965
13.9199401066937
19.762756232871
1.80269341702534
3.64954215703367
17.0069678588767
14.1142053452697
19.8910678191883
1.85619952504094
3.67735971484841
17.2503073454458
14.0553854340012
19.8988440593421
1.85338710727149
3.78554455604086
17.3920720850107
14.0586455836113
19.9987837049733
1.87620587779064
3.71838808466992
17.8244663107918
14.0075638806568
20.1513551693873
1.90748574415216
3.79530945898394
17.7816860794062
14.2016230235011
20.2725295706266
1.88889379548511
3.9810860553708
17.0813586442507
14.4132429886153
20.3207941030222
1.93903807947502
3.86018120331043
17.9209735800408
14.5125079343003
20.3285493360046
1.94413182951307
3.8945523382226
17.7419215707092
14.5399943098974
20.6491790728352
1.99709383019941
3.89454358279401
17.8303988626914
14.719043899442
20.631107004468
2.00692821258028
3.99913466742452
17.8909783429338
14.6829805778016
20.7787306800529
2.07837631268008
4.08293537218502
17.459294799942
14.7073714174993
20.8272019381935
2.03332132746455
4.12926792802047
17.078111163617
14.8277481663422
20.9192822163027
2.05476521883297
4.11390071371034
17.5713547176502
14.8791331827804
20.9026503989298
2.10726971989274
3.96504837403413
18.292020866524
15.1547227814102
21.0752052392923
2.06998787721183
4.04629582040579
17.8062682822679
14.9942528456124
21.165361400607
2.13637349764193
4.19489040459611
17.8783010876244
15.2371153268859
21.2704389456835
2.1646935321656
4.32294530553609
17.3944154784487
15.4494888338278
21.3470390014028
2.21261352975153
4.18204447889453
17.4244031247241
15.4632622540279
21.4959016826473
2.2331217037319
4.17082840616779
18.1967776169577
15.461016524496
21.6064409101061
2.22946050238455
4.18563961811006
18.0437915125321
15.6104084182084
21.7066917937612
2.25125293046606
4.17414889233992
18.3957192225556
15.9583131286572
21.7222101127198
2.30281714177232
4.35184037404079
17.8621122463976
15.7738717832655
21.8379822510992
2.3109937550625
4.38833307036188
18.1443148515571
15.8408370990296
21.922789951971
2.32759309927844
4.32195920691264
18.284655343212
16.0862818764478
22.0162423503029
2.33615377551207
4.26899455359304
19.3522866855287
16.1839560035128
22.0889498053014
2.38118418760876
4.47432911582261
18.3578302977266
16.3281290809676
22.2425445890942
2.38470684769245
4.41494010730533
18.8902674996919
16.5194002371806
22.3857158795299
2.40986903318391
4.4743234782783
18.2153280533896
16.2254570884747
22.4744935659046
2.46696722897102
4.48103298026675
18.9189452264512
16.5351258510772
22.5587370275406
2.46690486863304
4.49164847102292
18.2183104633087
16.4611050192532
22.6381458715049
2.49086874935765
4.63346465151328
18.904918349786
16.6147660463434
22.7469365579942
2.5399891851441
4.55575895729767
19.4487911142031
16.7231449437622
22.7956107490462
2.52283632921107
4.70169042792245
18.4402232647216
17.0818230416758
22.969590107359
2.58598504017086
4.67642992670412
18.7137600514504
16.9671907194593
23.0657217519603
2.60059051186522
4.68730976273671
18.2344070120024
16.7539687108709
23.0381846672832
2.63037650745741
4.69532696961359
19.0618317681594
17.3674415194983
23.1747073054437
2.67697738023294
4.80471846552642
18.7372859921709
17.2554250396939
23.3531397870251
2.69205493665689
4.81431216043234
19.0522491693893
17.1995727319888
23.3925499300091
2.66531983590788
4.83061253568677
18.9205126375768
17.3536829433447
23.5253572945267
2.73494039654443
4.82248306369347
19.1371779738742
17.6075489004043
23.6788890795873
2.77203399012576
5.01208531930721
19.3650707035055
17.8541612469073
23.7177977368474
2.778084579076
4.9034181106883
18.3155904882579
17.4410135460287
23.8143683622779
2.81820753931906
4.89432637563508
20.2094170492998
17.8454038391216
23.9014226804893
2.85007449307655
4.98833361996692
19.4145625842819
17.7490369108492
24.0212416514438
2.87117856292523
5.00173564505443
19.1736669258429
17.8875305184847
24.1682015405534
2.8490448285184
4.91489493690872
19.5209269921917
17.9789500041075
24.2652916451955
2.916795925422
5.06846851037534
19.4222250205611
18.0958397134708
24.3741090079178
2.98374414717369
4.87683534174166
20.8452884512953
18.1595904438537
24.6086905928951
2.94464564219721
5.19825191993747
19.6027489325654
18.4630071173623
24.5519572071068
3.02817059312427
5.21092905768883
19.6316804466183
18.2704118300781
24.6362228025477
3.04786538104222
5.14904784232239
19.53484408427
18.8088042148252
24.8266339932861
3.06959742603427
5.32502608113202
19.5545069105457
18.7651905524258
24.8774331973662
3.08247054956814
5.24270785511202
19.8533145797983
18.5765548565806
24.9803591217738
3.1499312841495
5.26189821619577
20.7725538442987
18.9434170004388
